# 2pPD
# C C 30 30
# C D 0 50
# D C 50 0
# D D 10 10
# prob_of_init_C = 0.500000
# num_of_tournaments = 151
# num_of_opponents = 10
# prehistory l = 3
# pop_size = 100
# num_of_generations = 10
# tournament_size = 3
# crossover_prob = 0.900000
# mutation_prob = 0.003000
# elitist_strategy = False
# num_of_runs = 5
# seed = 5417401417924262
# freq_gen_start = 0
# delta_freq = 1
# 1 2
# history freq_of_game_histories
  0 0.00
  1 0.00
  2 0.00
  3 0.00
  4 0.00
  5 0.04
  6 0.03
  7 0.04
  8 0.00
  9 0.03
  10 0.04
  11 0.04
  12 0.00
  13 0.00
  14 0.00
  15 0.00
  16 0.00
  17 0.07
  18 0.03
  19 0.00
  20 0.04
  21 0.03
  22 0.00
  23 0.00
  24 0.03
  25 0.00
  26 0.00
  27 0.03
  28 0.01
  29 0.03
  30 0.03
  31 0.00
  32 0.00
  33 0.03
  34 0.07
  35 0.00
  36 0.03
  37 0.00
  38 0.00
  39 0.03
  40 0.04
  41 0.00
  42 0.03
  43 0.00
  44 0.01
  45 0.03
  46 0.03
  47 0.00
  48 0.01
  49 0.00
  50 0.00
  51 0.01
  52 0.03
  53 0.00
  54 0.03
  55 0.00
  56 0.03
  57 0.03
  58 0.00
  59 0.00
  60 0.00
  61 0.00
  62 0.00
  63 0.00
