# 2pPD
# C C 30 30
# C D 0 50
# D C 50 0
# D D 10 10
# prob_of_init_C = 0.500000
# num_of_tournaments = 5
# num_of_opponents = 2
# prehistory l = 3
# pop_size = 3
# num_of_generations = 2
# tournament_size = 2
# crossover_prob = 0.900000
# mutation_prob = 0.003000
# elitist_strategy = False
# num_of_runs = 1
# seed = 256401522919141
# freq_gen_start = 0
# delta_freq = 1
# 1 2
# history freq_of_game_histories
  0 0.00
  1 0.00
  2 0.00
  3 0.00
  4 0.00
  5 0.00
  6 0.03
  7 0.03
  8 0.00
  9 0.03
  10 0.00
  11 0.03
  12 0.00
  13 0.00
  14 0.00
  15 0.00
  16 0.00
  17 0.00
  18 0.03
  19 0.00
  20 0.00
  21 0.14
  22 0.06
  23 0.00
  24 0.03
  25 0.00
  26 0.03
  27 0.00
  28 0.03
  29 0.00
  30 0.00
  31 0.00
  32 0.00
  33 0.03
  34 0.00
  35 0.00
  36 0.03
  37 0.03
  38 0.00
  39 0.00
  40 0.00
  41 0.06
  42 0.14
  43 0.00
  44 0.03
  45 0.00
  46 0.00
  47 0.00
  48 0.00
  49 0.03
  50 0.03
  51 0.00
  52 0.03
  53 0.03
  54 0.00
  55 0.00
  56 0.03
  57 0.00
  58 0.03
  59 0.00
  60 0.00
  61 0.03
  62 0.03
  63 0.06
