# 2pPD
# C C 30 30
# C D 0 50
# D C 50 0
# D D 10 10
# prob_of_init_C = 0.500000
# num_of_tournaments = 151
# num_of_opponents = 10
# prehistory l = 3
# pop_size = 100
# num_of_generations = 200
# tournament_size = 3
# crossover_prob = 0.900000
# mutation_prob = 0.003000
# elitist_strategy = False
# num_of_runs = 1
# seed = 8117072782707428
# freq_gen_start = 30
# delta_freq = 10
# best strategy
# gen 0 1 2 3 4 5 6 7 8 9 10 11 12 13 14 15 16 17 18 19 20 21 22 23 24 25 26 27 28 29 30 31 32 33 34 35 36 37 38 39 40 41 42 43 44 45 46 47 48 49 50 51 52 53 54 55 56 57 58 59 60 61 62 63
  0 0 1 1 1 0 0 1 0 0 0 1 0 1 0 0 0 1 0 0 0 1 0 0 0 1 0 1 0 1 1 1 1 1 1 1 1 1 1 1 1 0 1 1 1 0 0 0 0 0 0 1 1 1 0 1 1 0 0 0 1 0 1 0 0 
  1 0 1 0 0 0 0 0 1 1 1 1 1 0 1 1 0 1 0 0 1 1 0 0 1 0 1 1 0 1 0 0 1 1 0 1 0 0 1 0 1 1 0 1 0 1 0 0 1 1 1 0 0 1 0 0 1 1 1 1 0 0 1 0 0
  2 0 0 1 1 0 1 1 1 0 1 0 0 1 1 1 0 0 1 0 0 1 0 0 1 1 0 0 1 1 0 1 0 1 0 0 0 1 1 0 0 1 1 0 1 0 1 1 0 1 0 1 0 0 1 1 0 1 1 0 1 1 0 0 1
  3 0 0 1 1 0 1 1 1 0 1 0 0 1 1 1 0 0 1 0 0 1 0 0 1 1 0 0 1 1 0 1 0 1 0 0 0 1 1 0 0 1 1 0 1 0 1 1 0 1 0 1 0 0 1 1 0 1 1 0 1 1 0 0 1
  4 0 0 0 0 0 0 1 0 1 1 1 1 0 0 1 0 0 1 1 0 1 0 1 1 0 0 1 0 0 0 1 1 0 1 1 0 0 1 0 1 1 1 1 0 1 0 0 0 1 1 0 0 0 0 0 1 0 1 0 0 1 1 0 1
  5 0 0 1 0 1 1 0 0 0 0 1 0 0 1 1 0 0 1 0 1 1 0 0 1 0 1 0 1 0 1 1 1 0 0 0 0 0 0 0 0 1 0 1 0 1 0 0 0 1 1 0 0 0 1 0 1 0 1 0 0 1 1 0 1
  6 0 0 1 0 1 1 0 0 0 0 1 0 0 1 1 0 0 1 0 1 1 0 0 1 0 1 0 1 0 1 1 1 0 0 0 0 0 0 0 0 1 0 1 0 1 0 0 0 1 1 0 0 0 1 0 1 0 1 0 0 1 1 0 1
  7 1 1 1 1 0 1 1 1 0 1 0 0 1 1 1 0 0 1 0 0 1 0 0 1 1 0 0 1 1 0 1 0 1 0 0 0 1 1 0 0 1 1 0 1 0 1 1 0 1 0 1 0 0 1 1 0 1 1 0 1 1 0 0 1
  8 0 1 1 0 1 0 1 0 1 1 0 1 0 1 0 1 1 1 1 0 1 1 1 0 1 0 1 0 1 1 0 1 0 0 0 0 1 1 1 1 0 0 1 1 1 0 0 1 0 0 0 0 0 0 1 1 0 1 0 1 1 0 0 0
  9 1 1 1 1 0 1 1 1 0 1 0 0 1 1 1 0 0 1 0 0 1 0 0 1 1 0 0 1 1 0 1 0 1 0 0 0 1 1 0 0 1 1 0 1 0 1 1 0 1 0 1 0 0 1 1 0 1 1 0 1 1 0 0 1
  10 1 1 1 1 0 1 1 1 0 1 0 0 1 1 1 0 0 1 0 0 1 0 0 1 1 0 0 1 1 0 1 0 1 0 0 0 1 1 0 0 1 1 0 1 0 1 1 0 1 0 1 0 0 1 1 0 1 1 0 1 1 0 0 1
  11 1 1 1 1 0 1 1 1 0 1 0 0 1 1 1 0 0 1 0 0 1 0 0 1 1 0 0 1 1 0 1 0 1 0 0 0 1 1 0 0 1 1 0 1 0 1 1 0 1 0 1 0 0 1 1 0 1 1 0 1 1 0 0 1
  12 0 0 0 0 0 0 1 0 1 1 1 1 0 0 1 0 0 1 1 0 1 0 1 1 0 0 1 1 0 0 1 1 0 1 1 0 0 1 0 1 1 1 1 0 1 1 1 1 1 1 1 1 0 1 0 1 1 1 0 1 1 0 1 1
  13 1 1 1 1 0 1 1 1 0 1 0 0 1 1 1 0 0 1 0 0 1 0 0 1 1 0 0 1 1 0 1 0 1 0 0 0 1 1 0 0 1 1 0 1 0 1 1 0 1 0 1 0 0 1 1 0 1 1 0 1 1 1 0 0
  14 1 0 1 0 1 0 1 1 0 0 0 0 1 1 0 0 1 1 0 0 1 0 1 1 0 0 1 1 0 1 1 1 0 1 0 1 1 0 0 0 1 0 1 0 1 0 0 1 0 0 0 1 0 0 0 1 0 1 0 0 0 0 1 0
  15 1 1 1 1 0 1 1 1 1 1 0 0 1 1 1 0 0 1 0 0 1 0 0 1 1 0 0 1 1 0 1 0 1 0 0 0 1 1 0 0 1 1 0 1 0 0 1 1 0 1 0 1 0 1 1 1 1 0 0 0 0 1 0 0
  16 1 0 1 0 1 0 1 1 0 0 0 0 1 1 0 0 1 1 0 0 1 0 1 1 0 0 1 1 0 1 1 1 0 1 0 1 1 0 0 0 1 0 1 0 1 0 0 1 0 0 0 1 0 0 0 1 0 1 0 0 0 0 1 0
  17 0 1 0 1 0 1 0 0 0 1 0 1 0 1 1 1 1 0 0 1 1 0 0 0 0 0 1 1 1 0 0 0 1 0 0 0 0 1 0 0 1 0 0 1 0 0 0 1 0 0 0 0 0 1 0 1 0 0 0 0 0 0 1 1
  18 1 0 1 1 0 1 1 0 0 0 1 1 1 1 0 0 0 1 0 1 0 0 1 0 1 1 0 0 0 1 1 1 0 1 0 0 1 0 0 0 0 0 1 1 0 0 1 1 1 1 1 0 1 0 0 0 1 0 1 0 1 0 0 1
  19 0 0 1 0 1 1 0 0 0 0 1 0 0 1 1 0 0 1 0 1 1 1 0 1 0 1 0 1 0 1 1 1 0 0 0 0 1 0 0 0 1 0 1 0 1 0 0 0 1 1 0 0 0 1 0 1 0 1 0 0 1 1 0 1
  20 1 1 0 0 0 1 1 0 1 1 1 0 0 0 0 1 1 0 0 1 1 1 1 1 0 1 1 0 1 0 1 1 1 0 0 1 1 1 0 0 0 1 1 0 0 1 0 1 1 0 1 1 1 1 1 0 1 0 1 0 1 0 0 1
  21 0 1 0 0 1 0 1 1 0 0 0 0 1 1 0 0 1 1 0 0 1 0 1 1 0 0 1 1 0 1 1 1 0 1 0 1 1 0 0 0 1 0 1 0 1 0 0 1 0 0 0 1 0 0 0 1 0 1 0 0 0 0 1 0
  22 1 0 1 1 0 1 0 1 1 0 1 1 0 1 1 1 0 1 1 1 1 0 0 0 1 1 1 1 0 1 0 0 1 1 1 0 0 0 1 0 0 1 1 1 1 0 0 0 0 1 0 0 1 1 0 1 1 1 1 1 0 0 1 0
  23 0 0 0 1 1 0 1 1 1 0 0 1 0 1 0 1 1 0 0 1 1 1 0 1 1 0 0 1 0 0 1 0 0 0 0 1 1 1 0 0 1 0 1 0 0 0 1 1 1 1 0 0 1 0 1 1 0 1 1 1 1 0 1 1
  24 1 1 1 1 1 1 0 0 1 1 0 0 0 1 1 1 0 0 1 1 0 1 1 1 1 0 0 1 0 1 0 1 0 1 0 1 0 0 1 0 1 0 0 0 1 1 1 0 1 0 1 1 1 0 1 0 0 1 1 0 1 1 1 0
  25 1 0 1 1 0 1 0 1 1 0 1 1 0 1 1 1 0 1 1 0 1 0 0 0 1 1 1 1 0 1 1 0 1 1 1 0 0 0 1 0 0 1 1 1 1 0 0 0 0 1 0 0 1 1 0 1 0 1 1 1 0 0 1 0
  26 0 0 0 0 0 0 1 0 0 0 0 0 1 0 0 0 0 0 0 1 1 1 1 0 1 0 0 1 1 0 1 0 1 1 1 0 0 0 1 0 1 1 1 0 0 1 1 1 0 1 0 1 0 1 0 1 1 1 0 0 0 0 1 0
  27 0 1 0 0 1 0 1 1 0 0 0 0 1 1 0 0 1 1 0 0 1 0 1 1 0 0 1 1 0 1 1 1 0 1 0 1 1 0 0 0 1 0 1 0 1 0 0 1 0 0 0 1 0 0 0 1 0 1 0 0 0 0 1 0
  28 0 0 1 1 1 1 1 0 1 0 1 0 0 1 0 1 0 1 0 0 1 0 1 0 0 0 1 1 0 0 0 0 0 0 0 1 0 0 1 1 1 0 0 0 1 0 0 1 1 0 0 0 1 1 1 1 1 0 0 0 1 1 1 1
  29 0 1 0 0 1 0 1 1 0 0 0 0 1 1 0 0 1 1 0 0 1 0 1 1 0 0 1 1 0 1 1 1 0 1 0 1 1 0 0 0 1 0 1 0 1 0 0 1 0 0 0 1 0 0 0 1 0 1 0 0 0 0 1 0
  30 0 1 0 0 1 1 0 0 1 0 0 1 0 1 0 0 1 1 0 1 1 1 1 1 0 0 0 1 0 1 0 1 1 0 0 1 1 1 0 0 1 0 1 1 1 1 0 1 0 1 1 1 1 1 0 0 0 0 0 0 0 0 1 0
  31 0 1 0 0 1 1 0 0 1 0 0 1 0 1 0 0 1 1 0 1 1 1 1 1 0 0 0 1 0 1 1 0 0 1 1 1 1 1 0 1 1 1 1 0 1 0 1 1 0 1 1 1 1 0 1 0 1 1 1 0 0 1 0 1
  32 0 0 1 1 0 0 0 1 1 0 0 1 0 1 0 0 1 1 0 1 1 1 1 1 0 0 0 1 0 1 1 0 0 1 1 1 1 1 0 1 1 1 1 0 1 0 1 1 0 1 1 1 1 0 1 0 1 1 1 0 0 1 0 1
  33 0 0 0 1 0 1 1 0 1 0 0 1 0 1 1 1 1 0 1 0 0 0 0 1 0 1 0 1 1 1 0 0 1 0 0 0 0 0 0 1 1 0 0 1 0 0 1 1 0 1 1 1 1 0 0 0 0 0 0 0 0 0 1 1
  34 0 0 1 1 0 0 0 1 1 0 0 1 0 1 0 0 1 1 0 1 1 1 1 1 0 0 0 1 0 1 1 0 0 1 1 1 1 1 0 1 1 1 1 0 1 0 1 1 0 1 1 1 1 0 1 0 1 1 1 0 0 1 0 1
  35 0 1 0 0 1 1 0 0 1 1 0 0 1 0 0 0 0 1 1 0 0 0 1 1 1 1 1 1 0 0 1 0 0 0 1 0 0 0 0 1 1 0 0 0 0 0 1 0 1 0 0 0 0 0 1 1 0 1 0 0 1 1 1 1
  36 1 0 1 0 1 0 1 1 0 1 1 1 1 0 1 0 0 1 1 1 0 0 1 1 0 1 1 0 1 1 1 1 1 1 0 1 0 0 1 0 0 1 1 1 1 0 0 0 0 1 0 0 1 1 0 0 0 0 1 1 0 0 1 0
  37 0 0 1 1 0 0 0 1 1 0 0 1 0 1 0 0 1 1 0 1 1 1 1 1 0 0 0 1 0 1 1 0 0 1 1 1 0 0 1 0 0 1 1 1 1 0 0 0 0 1 0 0 1 1 0 0 0 0 1 1 0 0 1 0
  38 0 0 1 1 0 0 0 1 1 0 0 1 0 1 0 0 1 1 0 1 1 1 1 1 0 0 0 1 0 1 1 0 0 1 1 1 0 0 1 0 0 1 1 1 1 0 0 0 1 0 0 0 0 0 1 1 0 1 0 0 1 1 1 1
  39 0 0 1 1 0 0 0 1 1 0 0 1 0 1 0 0 1 1 0 1 1 1 1 1 0 0 0 1 0 1 1 0 0 1 1 1 0 0 1 0 0 1 1 1 1 0 0 0 1 0 0 0 0 0 1 1 0 1 0 0 1 1 1 1
  40 0 0 1 1 0 0 0 1 1 0 0 1 0 1 0 0 1 1 0 1 1 1 1 1 0 0 0 1 0 1 1 0 0 1 1 1 0 0 1 0 0 1 1 1 1 0 0 0 1 0 0 0 1 0 1 0 1 0 0 0 0 0 1 0
  41 0 1 0 0 1 1 0 0 1 1 0 0 1 0 0 0 0 1 1 0 0 0 0 1 1 1 1 1 0 0 1 0 0 0 1 0 0 0 0 1 1 0 0 0 0 0 1 0 0 1 0 0 1 1 0 0 0 0 1 1 0 0 1 0
  42 1 0 1 0 1 0 1 1 0 1 1 1 1 0 1 0 0 1 1 1 0 0 1 1 0 0 1 1 0 0 0 1 1 0 1 0 0 0 1 1 1 1 1 1 0 1 0 0 1 1 1 0 0 0 1 1 1 1 1 0 0 1 1 0
  43 0 1 0 0 1 1 0 0 1 1 0 0 1 0 0 0 0 1 1 0 0 0 0 1 1 1 1 1 0 0 1 0 0 0 1 0 0 0 0 1 1 0 0 0 0 0 1 0 0 1 0 0 1 1 0 0 0 0 1 1 0 0 1 0
  44 0 1 0 0 1 1 0 0 1 1 0 0 1 0 0 0 0 1 1 0 0 0 0 1 1 1 1 1 0 0 1 0 0 0 1 0 0 0 0 1 1 0 0 0 0 0 1 0 0 1 0 1 1 1 1 0 1 1 1 0 0 1 0 0
  45 1 1 1 1 1 1 0 0 0 1 1 0 1 1 1 1 0 0 0 1 0 1 0 1 1 1 0 0 1 0 0 1 0 1 1 1 1 1 0 0 0 1 0 0 0 1 1 0 0 1 0 0 1 1 0 0 0 0 1 1 0 0 1 0
  46 0 1 0 0 1 1 0 0 1 1 0 0 1 0 0 0 0 1 1 0 0 0 0 1 1 1 1 1 0 0 1 0 0 0 1 0 0 0 0 1 1 0 0 0 0 0 1 0 0 1 0 1 1 1 1 0 1 1 1 0 0 1 0 0
  47 0 0 1 1 0 0 0 1 1 0 0 1 0 1 0 0 1 1 0 1 1 1 1 1 0 0 0 1 0 1 1 0 0 1 1 1 0 0 1 0 0 1 1 1 1 0 0 0 1 0 0 0 1 0 1 0 1 0 0 0 0 0 1 0
  48 0 1 0 0 1 1 0 0 1 1 0 0 1 0 0 0 0 0 1 0 1 0 1 1 0 0 1 1 0 0 1 1 0 0 1 0 0 1 0 1 1 1 1 0 1 1 1 1 1 1 1 1 0 1 0 1 0 1 0 1 1 0 1 1
  49 0 0 1 1 0 0 0 1 1 0 0 1 0 1 0 0 1 1 0 1 1 1 1 1 0 0 0 1 0 1 1 0 0 1 1 1 0 0 1 0 0 1 1 0 1 0 0 0 1 0 0 0 1 0 1 0 1 0 0 0 0 0 1 0
  50 1 1 0 0 0 0 1 0 1 1 1 0 1 0 0 1 1 1 1 0 0 0 0 0 0 1 1 0 1 0 1 0 0 1 0 1 0 0 1 1 0 0 0 0 1 1 1 1 1 0 0 1 0 0 1 1 1 0 0 0 0 1 0 0
  51 0 0 1 1 0 0 0 1 1 0 0 1 0 1 0 0 1 1 0 1 1 1 1 1 0 0 0 1 0 1 1 0 0 1 1 1 0 0 1 0 0 1 1 0 1 0 0 0 1 0 0 1 1 0 1 0 1 0 0 0 0 0 1 0
  52 0 0 1 0 0 1 0 1 1 1 0 1 1 0 1 0 0 1 1 0 1 1 1 0 1 1 0 1 0 0 1 0 0 1 0 0 0 0 1 0 0 1 0 1 0 0 0 1 0 0 0 1 0 0 1 1 0 1 0 0 1 1 1 1
  53 0 1 1 0 0 0 1 0 0 1 1 1 0 0 0 1 1 0 1 0 1 0 0 1 0 1 1 0 0 0 0 1 1 0 0 0 1 1 0 1 0 1 1 0 1 1 0 1 0 1 1 0 1 1 0 1 1 0 1 1 0 1 0 1
  54 0 0 1 1 0 0 1 0 0 0 1 0 0 0 1 1 1 0 1 1 0 1 1 0 1 0 0 0 0 1 0 0 0 0 0 1 1 0 0 1 1 0 0 1 0 0 1 1 0 0 1 0 1 1 0 1 1 0 1 0 1 1 1 0
  55 0 0 1 0 0 1 0 1 1 1 0 1 1 0 1 0 0 0 1 0 1 1 1 0 1 1 0 0 0 1 0 1 1 0 0 0 1 1 0 1 0 1 0 0 1 1 0 1 0 1 1 0 1 1 0 1 1 0 1 1 0 1 0 1
  56 0 0 1 0 0 1 0 1 1 1 0 1 1 0 1 0 0 0 1 0 1 1 1 0 1 1 0 0 0 1 0 1 1 0 0 0 1 1 0 1 0 1 0 0 1 1 0 1 0 1 1 0 1 1 0 1 1 0 1 1 0 1 0 1
  57 1 1 1 1 1 0 0 0 0 0 0 0 1 0 1 0 0 0 1 0 1 1 1 0 1 1 0 0 0 1 0 1 1 0 0 0 1 1 0 1 0 1 0 0 1 1 0 1 0 1 1 0 1 1 0 1 1 0 1 1 0 1 0 1
  58 0 0 1 0 0 0 1 0 1 1 0 0 0 1 0 0 0 0 0 0 0 1 1 1 0 1 1 1 1 0 0 0 1 1 0 1 1 1 0 0 0 1 1 0 0 0 1 0 1 0 1 1 0 1 0 1 1 1 1 1 1 0 0 0
  59 1 0 0 0 0 0 0 0 0 1 0 1 1 1 1 1 1 1 1 0 1 1 1 1 0 1 1 1 1 1 1 1 0 1 0 1 0 0 0 0 1 1 0 1 1 0 1 0 0 1 1 0 0 1 0 1 0 1 0 1 1 0 1 1
  60 1 0 0 0 0 0 0 0 0 1 0 1 1 1 1 1 1 1 1 0 1 1 1 1 0 1 1 1 1 1 1 1 0 1 0 1 0 0 0 0 1 1 0 1 1 0 1 0 0 1 1 0 0 1 0 1 0 1 0 1 1 0 1 1
  61 0 1 0 0 0 0 0 1 1 1 1 0 0 1 1 1 1 1 0 1 1 0 0 1 0 1 1 0 0 0 0 1 1 0 1 0 0 1 0 1 0 0 1 1 1 0 0 1 1 1 0 0 0 1 1 0 1 1 0 1 0 1 0 0
  62 1 0 0 0 0 0 0 0 0 1 0 1 1 1 1 1 1 1 1 0 1 1 1 1 0 1 1 1 1 1 0 1 0 1 0 1 0 0 0 0 1 1 0 1 1 0 1 0 0 1 1 0 0 1 0 1 0 1 0 1 1 0 1 1
  63 0 0 1 0 1 1 0 0 0 0 1 0 0 1 1 0 0 1 1 0 1 1 1 0 1 1 0 0 0 1 0 0 1 0 0 0 1 1 0 1 0 1 0 0 1 1 0 1 0 1 1 0 1 1 0 1 1 0 1 1 0 1 0 1
  64 1 0 0 0 0 0 0 0 0 1 0 1 1 1 1 1 1 1 1 0 1 1 1 1 0 1 1 1 1 1 0 1 0 1 0 1 0 0 0 0 1 1 0 1 1 0 1 0 0 1 1 0 0 1 0 1 0 1 0 1 1 0 1 1
  65 0 0 1 0 1 1 0 0 0 0 1 0 0 1 1 0 0 0 1 0 1 1 1 0 1 1 0 0 0 1 0 1 0 1 1 0 1 1 0 0 1 1 1 0 1 0 0 0 1 0 1 0 1 1 1 1 0 1 0 0 0 0 0 0
  66 0 1 0 0 1 1 1 1 0 0 0 0 0 1 1 0 1 1 0 1 1 0 0 0 1 1 0 1 1 1 1 1 0 0 0 0 0 0 0 1 0 1 1 1 1 0 1 1 0 1 0 0 0 0 1 0 1 0 0 0 0 0 1 1
  67 1 1 0 0 1 1 0 1 0 1 0 1 1 1 1 1 0 0 1 1 1 1 1 0 0 1 0 0 1 1 0 1 0 0 0 0 1 1 1 1 0 1 0 1 1 0 1 1 1 1 0 0 0 1 0 0 0 1 0 1 1 1 1 1
  68 1 1 0 1 0 1 0 1 1 0 1 0 1 0 0 1 1 1 1 1 0 0 1 1 0 1 1 0 1 1 0 1 0 1 0 0 0 1 1 1 1 1 1 0 1 1 1 1 0 1 0 1 1 1 0 0 1 1 0 0 0 0 0 0
  69 1 1 0 1 0 0 0 1 1 1 1 0 0 0 0 1 0 1 0 1 1 0 0 0 0 0 0 0 1 1 1 0 1 0 0 0 1 0 1 1 0 0 1 1 1 0 0 0 1 0 1 0 0 0 0 1 0 0 1 1 0 1 0 1
  70 1 0 0 0 0 0 0 0 0 1 1 1 0 1 1 1 1 1 0 0 0 1 0 0 1 1 0 1 0 1 1 1 0 1 1 0 0 1 1 0 0 0 1 1 1 0 1 0 1 1 0 1 0 1 1 0 1 0 0 0 0 1 1 0
  71 0 0 0 0 1 1 0 1 1 1 1 1 1 1 1 1 0 1 0 0 1 0 1 0 1 0 0 1 0 1 1 1 1 1 0 0 1 1 1 0 0 0 1 0 0 0 0 0 0 1 0 0 1 1 1 1 1 1 1 0 1 1 0 1
  72 0 0 0 0 1 1 1 1 1 1 1 1 1 0 0 0 1 0 0 1 1 0 1 0 0 0 1 1 0 1 0 0 1 0 0 0 0 1 1 0 0 0 1 1 1 0 1 0 1 1 0 1 0 1 1 0 1 0 0 0 0 1 1 0
  73 1 0 0 1 1 0 1 0 1 1 0 1 0 1 1 1 1 1 0 0 0 1 0 0 0 1 0 0 0 0 0 1 1 1 1 1 0 1 0 0 0 0 1 1 0 1 0 1 0 1 0 1 1 1 0 0 0 0 0 0 1 1 1 1
  74 0 0 0 0 1 0 0 0 0 1 1 1 0 0 1 0 1 1 0 0 1 1 1 1 0 0 0 0 1 1 0 1 0 1 0 1 0 0 1 0 0 0 1 1 1 1 1 0 1 0 1 0 1 1 1 1 1 0 0 1 1 0 1 0
  75 1 0 0 0 0 0 0 0 0 1 1 1 0 1 1 1 1 1 0 0 0 1 0 0 1 1 0 1 0 1 1 1 0 1 1 0 0 1 0 1 0 1 0 0 1 1 0 1 0 1 0 0 1 1 0 1 1 0 1 1 0 1 0 1
  76 1 0 0 0 1 0 1 1 0 0 0 0 1 1 0 0 1 1 0 0 0 1 0 0 1 1 0 1 0 1 1 1 0 1 1 0 0 1 0 1 0 1 0 0 1 1 0 1 0 1 0 0 1 1 0 1 1 0 1 1 0 1 0 1
  77 1 0 0 0 1 0 1 1 0 0 0 0 1 1 0 0 1 1 0 0 0 1 0 0 1 1 0 1 0 1 1 1 0 1 1 0 0 1 0 1 0 1 0 0 1 1 0 1 0 1 0 0 1 1 0 1 1 0 1 1 0 1 0 1
  78 1 0 0 0 1 0 1 1 0 0 0 0 1 1 0 0 1 1 0 0 0 1 0 0 1 1 0 1 0 1 1 1 0 1 1 0 0 1 0 1 0 1 0 0 1 1 0 1 0 1 0 0 1 1 0 1 1 0 1 1 1 0 1 0
  79 1 0 0 0 0 0 0 0 0 1 1 1 0 1 1 1 1 1 0 0 1 0 1 0 0 0 0 1 0 0 0 0 1 1 0 1 1 0 0 0 1 0 0 0 1 0 0 0 0 0 0 1 0 0 0 1 0 1 0 1 0 0 1 0
  80 1 0 0 0 1 0 0 1 0 0 0 0 1 1 0 0 1 1 0 0 1 0 0 1 0 1 0 0 1 1 0 0 0 0 1 1 0 0 1 1 1 1 1 1 0 1 0 0 1 1 1 0 0 0 1 1 0 1 1 0 1 1 1 0
  81 1 0 0 0 1 0 0 1 0 0 0 0 1 1 0 0 1 1 0 0 1 0 0 1 0 1 0 0 1 1 0 0 0 0 1 1 0 0 1 1 1 1 1 1 0 1 0 0 1 1 1 0 0 0 1 1 0 1 1 0 1 1 1 0
  82 1 1 0 1 1 1 1 1 1 0 1 0 1 1 1 0 0 0 0 0 0 0 1 0 0 0 1 1 1 0 0 1 0 1 0 0 1 0 0 1 1 0 1 1 1 0 1 0 1 0 1 0 0 0 1 0 0 0 1 1 0 0 0 1
  83 0 0 0 0 1 1 1 1 1 1 1 0 0 0 0 1 1 0 0 1 0 0 0 0 1 0 0 0 1 0 1 1 0 1 1 1 0 1 1 0 1 1 0 1 0 1 0 0 0 0 1 1 1 0 1 0 0 0 0 1 1 0 1 1
  84 1 1 0 1 1 1 1 1 1 0 1 0 1 1 1 0 0 0 0 0 0 0 1 0 0 0 1 1 1 0 0 1 0 1 0 0 1 0 0 1 1 0 1 1 1 0 1 0 1 1 1 0 1 0 0 1 1 0 0 1 0 1 1 1
  85 0 0 0 0 1 1 1 1 1 1 1 1 1 0 0 0 1 0 0 1 1 0 1 0 0 0 1 1 0 1 0 0 1 0 0 1 0 1 1 1 0 0 1 1 1 0 1 0 1 0 1 0 0 0 1 0 0 0 1 1 0 0 0 1
  86 1 1 0 1 1 1 1 1 1 0 1 0 1 1 1 0 0 0 0 0 0 0 1 0 0 0 1 1 1 0 0 1 0 1 0 0 1 0 0 1 1 0 1 1 1 0 1 0 1 1 1 0 1 0 0 1 1 0 0 1 0 1 1 1
  87 1 0 1 0 1 0 1 1 0 1 1 1 1 0 1 0 0 1 1 1 1 0 1 1 0 1 1 1 0 0 0 1 1 1 1 0 0 0 1 0 0 0 0 0 1 1 1 0 1 1 1 0 1 1 1 0 0 1 0 0 0 0 1 0
  88 0 0 0 0 1 1 1 1 1 1 1 0 1 0 1 1 0 0 0 1 0 1 0 1 1 1 0 0 1 0 0 1 0 1 1 1 1 0 0 0 0 1 0 0 0 1 1 0 0 1 0 0 1 1 0 0 0 0 1 1 0 1 0 1
  89 0 0 0 0 0 1 0 1 1 0 1 1 1 1 0 1 1 1 0 1 0 1 1 0 0 0 0 0 0 0 1 1 0 0 1 0 0 1 0 1 1 1 1 1 1 1 1 1 1 1 0 1 0 1 1 0 1 0 0 0 0 1 1 0
  90 1 1 0 0 1 1 0 1 1 0 1 0 1 0 0 1 0 0 0 1 0 0 1 1 0 0 1 0 1 1 0 1 0 1 0 0 0 1 1 1 1 1 0 0 1 0 1 0 1 1 0 1 1 1 0 1 0 0 1 1 0 0 1 0
  91 1 0 1 0 0 1 0 1 1 1 1 0 0 1 1 1 0 1 1 0 0 0 1 1 0 1 1 1 0 1 1 0 1 1 1 0 0 0 0 0 1 1 0 0 1 0 0 0 0 0 1 0 1 1 1 0 0 0 0 0 1 1 1 1
  92 1 0 1 0 0 1 0 1 1 1 1 0 0 1 1 1 0 1 1 0 0 0 1 1 0 1 1 1 0 1 1 0 1 1 1 0 0 0 0 0 1 1 0 0 1 0 0 0 0 0 1 0 1 1 1 0 0 0 0 0 1 1 1 1
  93 0 0 1 0 0 1 1 1 1 1 1 0 1 1 0 1 0 1 0 0 0 1 1 1 0 0 1 0 0 1 1 0 0 1 1 1 0 0 1 0 0 0 1 0 1 1 1 1 0 0 1 0 1 1 0 1 0 1 0 1 1 1 1 1
  94 1 1 0 1 1 1 1 1 1 0 1 0 1 1 1 0 0 0 0 0 0 0 1 0 0 0 1 1 1 0 0 1 0 1 0 0 1 0 0 1 1 0 1 1 1 0 1 0 1 1 1 0 1 0 0 1 1 0 0 1 0 1 1 1
  95 0 0 0 0 0 0 1 0 0 1 0 0 0 1 0 1 1 1 0 0 0 1 1 1 1 0 0 0 1 1 0 0 1 1 1 0 0 1 0 1 1 0 0 1 0 0 1 1 1 0 1 0 1 0 0 1 1 1 1 1 0 0 1 0
  96 0 0 0 0 1 1 1 1 1 1 1 0 1 0 1 1 0 0 0 1 0 1 0 1 1 1 0 0 1 0 0 1 0 1 1 1 1 0 0 0 0 1 0 0 0 1 1 0 1 0 0 1 0 1 0 1 1 1 0 0 1 0 0 1
  97 1 1 1 1 1 0 1 0 0 0 0 0 0 0 1 0 0 0 1 1 0 0 0 1 0 1 0 1 0 0 1 0 0 1 1 0 1 0 0 0 1 1 1 0 0 0 0 1 0 0 1 0 0 0 1 1 0 0 0 1 1 0 0 0
  98 1 1 1 1 1 0 1 0 0 0 0 0 0 0 1 0 0 0 1 1 0 0 0 1 0 1 0 1 0 0 1 0 0 1 1 0 1 0 0 0 1 1 1 0 0 0 0 1 1 0 0 1 0 1 0 1 1 1 0 0 1 0 0 1
  99 1 0 1 0 0 1 0 1 1 1 1 0 0 1 1 1 0 1 1 0 0 0 1 1 0 1 1 1 0 1 1 0 1 1 1 0 0 0 0 0 1 0 0 0 1 0 0 0 0 0 1 0 1 1 1 0 0 0 0 0 1 1 1 1
  100 1 1 0 1 1 1 1 1 1 0 1 0 1 1 1 0 0 0 0 0 0 0 0 0 0 0 1 1 1 0 0 1 0 1 1 1 1 0 0 0 0 1 0 0 0 1 1 1 0 0 1 0 0 0 0 1 0 0 0 0 1 0 0 0
  101 1 1 0 0 0 1 1 0 0 1 1 0 0 0 1 0 0 1 1 1 1 0 0 1 1 1 1 1 0 0 1 0 0 0 1 0 0 0 0 1 0 0 0 0 0 0 1 0 0 0 0 1 1 1 0 0 1 1 1 0 0 1 0 0
  102 1 1 1 1 1 0 1 0 0 0 0 0 0 0 1 0 0 0 1 1 0 0 0 1 0 1 0 1 0 0 1 0 0 1 1 0 1 0 0 0 1 1 1 0 0 0 0 1 1 0 0 1 0 1 0 1 1 1 0 0 1 0 0 1
  103 0 0 0 0 1 1 1 1 1 1 1 0 1 0 0 1 0 1 0 1 0 0 0 1 0 1 1 0 1 1 0 1 0 1 1 1 0 0 0 0 1 1 0 1 1 0 1 0 0 0 0 0 0 1 0 1 0 1 0 1 1 0 1 1
  104 0 0 0 0 1 0 0 1 0 0 0 0 1 1 1 0 1 1 1 1 0 1 0 0 0 1 0 1 0 1 1 1 0 0 0 0 1 1 0 1 1 1 0 1 1 0 0 1 1 1 0 1 0 1 0 1 1 0 0 0 0 1 0 0
  105 0 0 0 0 1 1 1 1 1 1 1 0 1 0 0 1 0 1 0 1 0 0 0 1 0 1 1 0 1 1 0 1 0 1 1 1 0 0 0 0 1 1 0 1 1 0 1 0 0 0 0 0 0 1 0 1 0 1 0 1 1 0 1 1
  106 1 1 1 1 1 0 1 0 0 0 0 0 0 0 1 0 0 0 1 1 0 0 0 1 0 1 0 1 0 0 0 0 0 1 1 0 1 0 0 0 1 1 1 0 0 0 0 1 1 0 0 1 0 1 0 1 1 1 0 0 1 0 0 1
  107 0 1 1 0 1 0 0 1 1 1 1 0 1 1 0 0 0 0 0 1 0 0 0 1 1 1 1 0 0 0 1 1 0 0 0 0 0 1 1 1 1 1 1 0 1 1 0 1 0 0 0 1 0 0 0 1 0 0 0 1 1 0 1 0
  108 1 0 0 0 0 0 0 0 0 0 0 1 0 1 1 1 1 1 0 0 1 0 1 0 1 1 0 0 0 0 0 1 0 1 0 0 1 1 1 0 0 0 0 0 1 1 1 1 1 0 1 1 0 1 0 1 0 1 0 1 1 0 1 1
  109 0 1 0 0 0 1 1 0 0 1 1 1 1 1 1 0 1 0 1 1 1 0 1 0 0 0 1 0 0 1 0 0 1 1 1 0 1 0 1 0 0 1 1 0 1 0 0 1 0 0 1 1 1 1 0 1 1 1 1 1 0 0 0 1
  110 0 0 1 0 1 1 1 0 0 0 0 1 0 1 1 0 0 0 1 0 1 0 1 0 1 1 0 0 0 0 0 1 0 1 0 0 1 1 1 0 0 0 0 0 1 1 1 1 1 0 1 1 0 1 0 1 0 1 0 1 1 0 1 1
  111 1 0 0 0 0 0 0 0 0 0 0 1 0 1 1 1 1 1 0 0 0 1 1 1 0 0 1 0 0 0 1 0 0 0 1 0 0 0 0 1 1 0 0 1 1 0 0 0 1 1 0 1 0 1 1 0 1 1 0 0 0 1 0 0
  112 1 0 0 0 0 0 0 0 0 0 0 1 0 1 1 1 1 1 0 0 0 1 1 1 0 0 1 0 0 0 1 0 0 0 1 0 0 0 0 1 1 0 0 1 1 0 0 0 1 1 0 1 0 1 1 0 1 1 0 0 0 1 0 0
  113 1 0 0 0 0 0 0 0 0 0 0 1 0 1 1 1 1 1 0 0 0 1 1 1 0 0 1 0 1 1 1 1 1 0 0 1 0 1 0 1 1 1 1 1 0 0 0 0 1 1 1 0 1 0 1 0 0 1 0 1 0 1 0 1
  114 0 1 0 0 1 0 1 1 1 1 0 0 0 1 1 1 0 1 0 1 0 0 1 0 1 0 0 1 0 1 1 0 1 1 0 0 0 0 1 1 0 1 1 0 0 0 0 0 0 0 1 1 1 1 0 1 1 0 0 0 0 0 1 0
  115 1 0 0 0 1 1 1 1 1 1 1 0 0 0 0 1 0 1 0 1 0 0 0 1 0 1 1 0 1 1 0 1 0 0 1 1 0 0 0 0 1 1 0 1 1 0 1 0 0 0 0 0 0 0 0 1 0 1 1 0 1 1 0 0
  116 1 0 0 0 1 1 1 1 1 1 1 0 0 0 0 1 0 1 0 1 0 0 0 1 0 1 1 0 1 1 0 1 0 0 1 1 0 0 0 0 1 1 0 1 1 0 1 0 0 0 0 0 0 0 0 1 0 1 1 0 1 1 0 0
  117 0 1 0 0 1 1 0 0 1 1 0 0 1 1 0 1 1 0 1 1 1 0 1 0 0 0 1 0 0 1 0 0 1 1 1 0 1 0 1 0 0 1 1 0 1 0 0 1 0 0 1 1 0 0 0 0 0 0 0 1 1 0 0 0
  118 0 1 0 0 1 1 0 0 1 1 0 0 1 1 0 1 1 0 1 1 1 0 1 0 0 0 1 0 0 0 1 1 0 0 0 0 0 1 1 1 1 1 1 0 1 1 0 1 0 0 0 1 0 0 0 1 0 1 0 1 1 1 1 1
  119 1 0 0 0 1 1 1 1 1 1 1 0 0 0 0 1 0 1 0 1 0 0 1 1 0 1 1 0 1 1 0 1 0 0 1 1 0 1 1 1 0 0 1 1 1 1 0 0 1 0 1 1 0 0 0 0 0 1 0 1 1 1 1 1
  120 1 1 0 1 1 0 1 0 0 0 0 1 0 0 1 1 0 0 0 0 0 0 1 0 1 1 0 0 1 0 0 0 0 1 0 0 0 1 1 1 0 1 0 0 1 0 1 0 1 0 0 1 1 0 1 0 0 1 1 0 1 0 0 1
  121 0 0 1 1 1 1 1 0 0 1 1 1 1 0 0 0 1 0 0 1 1 0 0 0 0 0 1 1 0 0 0 0 1 0 1 1 0 0 0 0 1 1 0 1 1 0 1 0 0 0 0 0 0 0 0 1 0 1 1 0 1 1 0 0
  122 0 0 1 1 1 1 1 0 0 1 1 1 1 0 0 0 1 0 0 1 1 0 0 0 0 0 1 1 0 0 0 0 1 0 1 1 0 0 0 0 1 1 0 1 1 0 1 0 0 0 0 0 0 0 0 1 0 1 1 0 1 1 0 0
  123 1 0 0 0 0 0 1 1 0 0 1 0 1 0 0 1 1 1 0 0 1 0 1 0 0 1 0 0 0 1 1 0 0 0 1 1 0 0 1 0 1 1 1 1 1 1 1 1 1 1 0 1 0 1 1 0 1 0 0 1 0 0 0 0
  124 1 0 0 0 1 1 1 1 1 1 1 0 0 0 0 1 0 1 0 1 0 0 1 1 0 1 0 0 1 1 0 1 0 0 1 0 0 1 1 1 0 0 1 1 1 1 0 0 1 0 1 1 0 0 0 0 0 1 0 1 1 1 1 1
  125 1 1 0 1 0 0 1 1 1 0 1 0 0 1 0 1 1 0 0 1 1 0 1 1 0 0 1 1 0 1 0 0 1 0 1 0 0 0 1 1 1 0 1 1 1 0 1 0 1 1 1 0 1 0 1 1 1 0 1 1 1 0 1 1
  126 1 1 0 0 0 0 1 1 0 0 0 0 0 1 1 0 0 0 0 1 0 0 1 0 1 0 0 0 0 1 0 0 0 1 0 1 1 1 1 0 0 1 1 0 1 1 0 0 0 1 0 0 0 1 1 0 0 1 0 1 0 1 1 0
  127 1 1 0 0 0 0 1 1 0 0 0 0 0 1 1 0 0 0 0 1 1 0 1 1 0 1 1 0 0 0 0 1 1 1 1 0 0 0 1 0 0 0 1 0 1 0 1 1 0 0 1 0 1 1 1 0 1 0 0 0 1 1 0 1
  128 1 0 0 0 0 0 1 1 0 0 1 0 1 0 0 1 1 1 0 0 1 0 1 0 0 1 0 0 0 1 1 0 0 0 1 1 0 0 1 0 1 1 1 1 1 1 1 1 1 0 1 1 1 0 1 0 1 1 1 0 1 0 0 1
  129 1 1 0 0 0 0 1 1 0 0 0 0 0 0 1 0 1 1 1 0 0 1 0 0 1 0 0 1 0 1 0 1 0 1 1 1 1 0 0 0 0 1 0 0 0 1 1 1 0 0 1 0 0 0 0 1 0 1 1 1 1 0 0 0
  130 0 1 1 1 1 1 0 0 1 1 1 0 1 1 0 1 1 0 0 1 0 1 1 1 0 0 1 1 1 1 1 0 1 1 1 1 0 0 0 1 1 1 1 0 1 0 1 1 1 0 1 1 0 1 0 1 0 1 0 1 1 1 1 1
  131 1 1 0 0 0 0 1 1 0 0 0 0 0 0 1 0 1 1 1 0 0 1 0 0 1 0 0 1 0 1 0 1 0 1 1 1 1 0 0 0 0 1 0 0 0 1 1 1 0 0 1 0 0 0 0 1 0 0 1 1 1 0 0 0
  132 1 1 0 0 0 0 1 1 0 0 0 0 0 0 1 0 1 1 1 0 0 1 0 0 1 0 0 1 0 1 0 1 0 1 1 1 1 0 0 0 0 1 0 0 0 1 1 1 0 0 1 0 0 0 0 1 0 0 1 1 1 0 0 0
  133 1 1 0 0 0 0 1 1 0 0 0 0 0 0 1 0 1 1 1 0 0 1 0 0 1 0 0 1 0 1 0 1 0 1 1 1 1 0 0 0 0 1 0 0 0 1 1 1 0 0 1 0 0 0 0 1 0 0 1 1 1 0 0 0
  134 1 1 1 0 0 1 1 1 1 0 1 1 1 1 0 0 1 1 0 0 0 1 1 0 1 0 1 0 0 1 0 1 0 0 1 1 0 1 1 1 0 1 0 0 1 0 1 0 1 0 0 1 1 1 0 1 0 1 1 1 0 1 1 0
  135 0 1 0 0 0 1 1 0 1 0 0 1 0 1 1 0 1 1 0 1 0 0 1 0 1 0 0 0 0 1 0 0 0 1 0 1 1 1 1 0 0 1 1 0 1 1 0 0 0 1 0 0 0 1 1 0 0 1 0 1 0 1 1 0
  136 0 1 0 0 0 1 1 0 1 0 0 1 0 1 1 0 1 1 0 1 0 0 1 0 1 0 0 0 0 1 0 0 0 1 0 1 1 1 1 0 0 1 1 0 1 1 0 0 0 1 0 0 0 0 0 1 1 1 0 0 1 1 0 1
  137 0 0 0 1 1 1 0 1 0 0 1 1 0 0 0 0 0 0 0 0 1 0 1 1 0 1 0 1 0 0 1 1 1 0 1 0 0 0 1 1 1 0 1 1 1 1 0 0 0 1 0 1 1 0 0 1 0 1 0 0 0 0 1 1
  138 0 1 0 0 0 1 1 0 1 0 0 1 0 1 1 0 1 1 0 1 0 0 1 0 1 0 0 0 0 1 0 0 0 1 0 1 1 1 1 0 0 1 1 0 1 1 0 0 0 1 0 0 0 0 0 1 1 0 1 0 1 1 0 1
  139 1 1 0 0 0 0 0 1 1 1 1 0 1 1 1 0 1 0 0 1 0 1 0 0 0 0 0 1 0 1 0 1 1 0 1 0 0 1 1 1 0 1 0 1 0 0 1 1 1 1 0 1 0 1 1 1 1 0 1 0 0 1 0 0
  140 1 1 1 0 0 0 1 1 0 0 0 0 0 0 1 0 1 1 1 0 0 1 0 0 1 0 0 0 0 1 0 1 0 1 1 1 1 0 0 0 0 1 0 0 0 0 1 1 0 0 1 0 0 0 0 1 0 0 1 1 1 0 0 0
  141 1 1 1 0 0 0 1 1 0 0 0 0 0 0 1 0 1 1 1 0 0 1 0 0 1 0 0 0 0 1 0 1 0 1 1 1 1 0 0 0 0 1 0 0 0 0 1 1 0 0 1 0 0 0 0 1 0 0 1 1 1 0 0 0
  142 1 1 1 0 0 0 1 1 0 0 0 0 0 0 1 0 1 1 1 0 0 1 0 0 1 0 0 0 0 1 0 1 0 1 1 1 1 0 0 0 0 1 0 0 0 0 1 1 0 0 1 0 0 0 0 1 0 0 1 1 1 0 0 0
  143 0 1 1 0 1 0 1 1 1 0 0 1 0 1 0 1 1 1 0 1 0 0 1 1 0 0 1 0 0 0 1 1 0 1 0 1 1 0 0 0 1 0 0 1 1 0 0 0 0 0 0 1 0 1 0 0 0 1 1 1 0 1 0 0
  144 1 0 1 1 0 0 1 0 0 1 1 0 0 1 1 1 1 1 1 1 1 1 0 1 1 0 1 0 0 0 1 0 0 0 1 0 0 1 1 0 1 1 1 0 1 1 0 1 1 0 0 1 1 1 0 1 0 1 1 1 1 1 1 1
  145 1 0 1 0 0 0 1 1 0 1 1 0 1 0 1 1 0 1 1 1 1 0 0 1 1 1 1 1 0 0 1 0 1 0 0 0 0 0 1 0 0 1 1 1 1 0 0 0 0 1 0 0 0 1 1 0 0 0 1 1 0 0 0 1
  146 0 0 0 1 0 0 0 0 1 0 0 1 0 1 0 0 0 1 0 0 1 0 0 1 1 0 1 1 1 0 1 0 0 0 1 0 0 0 1 1 0 0 0 1 1 0 1 0 0 1 0 0 0 0 0 1 0 1 0 0 1 0 0 1
  147 0 0 0 1 0 0 0 0 1 0 0 0 1 0 1 1 0 1 0 0 0 1 0 0 1 1 0 1 0 0 1 1 0 0 1 0 1 1 0 1 0 1 0 1 1 0 0 0 0 0 1 0 1 1 1 0 0 0 0 0 1 1 1 1
  148 0 0 0 1 0 0 0 0 1 0 0 0 1 1 1 1 0 1 0 0 0 1 0 0 1 1 0 1 0 0 1 1 0 0 1 0 1 1 0 1 0 1 0 1 1 0 0 0 0 0 1 0 1 1 1 0 0 0 0 0 1 1 1 1
  149 0 0 0 1 0 0 0 0 1 0 0 0 1 1 1 1 0 1 0 0 0 1 0 0 1 1 0 1 0 0 1 1 0 0 1 0 1 1 0 1 0 1 0 1 1 0 0 0 0 0 1 0 1 1 1 0 0 0 0 0 1 1 1 1
  150 0 0 0 1 0 1 1 1 1 0 1 1 0 0 0 0 1 1 0 1 0 1 1 0 1 1 0 0 1 0 0 1 0 1 1 0 1 1 0 0 0 1 0 0 1 0 0 0 0 0 0 0 1 1 0 1 1 0 0 1 1 1 0 0
  151 0 0 0 1 0 0 0 0 1 0 0 0 1 1 1 1 0 1 0 0 0 1 0 0 1 1 0 1 0 0 1 1 0 0 1 0 1 1 0 1 0 1 0 1 1 0 0 0 0 1 1 1 0 0 0 1 0 1 0 0 0 1 1 1
  152 0 0 0 1 0 0 0 0 1 0 0 0 1 0 1 1 0 1 1 1 1 0 0 1 1 1 1 1 0 0 1 0 1 0 0 0 0 1 0 0 0 0 0 0 0 1 1 0 1 0 0 0 1 1 1 0 1 0 0 1 0 1 1 1
  153 0 0 0 1 0 0 0 0 1 0 0 0 1 0 1 1 0 1 1 1 1 0 0 1 1 1 1 1 0 0 1 0 1 0 0 0 0 1 0 0 0 0 0 0 0 1 1 0 1 0 0 0 1 1 1 0 1 0 0 1 0 1 1 1
  154 0 0 0 1 0 0 0 0 1 0 0 0 1 0 1 1 0 1 1 1 1 0 0 1 1 1 1 1 0 0 1 0 1 0 0 0 0 1 0 0 0 0 0 0 0 1 1 0 1 0 0 0 1 1 1 0 1 0 0 1 0 1 1 0
  155 0 0 0 1 0 0 0 0 1 0 0 0 1 0 1 1 0 1 1 1 1 0 0 1 1 1 1 1 0 0 1 0 1 0 0 0 0 1 0 0 0 0 0 0 0 1 1 0 1 0 0 0 1 1 1 0 1 0 0 1 0 1 1 0
  156 1 0 1 0 0 0 1 1 0 1 1 0 1 1 1 1 0 1 0 0 0 1 0 0 1 1 0 1 0 0 1 1 0 0 1 0 1 1 0 1 0 1 0 1 1 0 0 0 0 1 1 1 0 0 0 1 0 1 0 0 0 1 1 1
  157 0 0 0 1 0 1 1 0 1 1 1 1 0 1 1 0 1 1 1 0 0 0 1 0 0 0 1 0 0 1 0 1 0 1 0 0 0 1 0 1 1 1 1 0 1 0 1 1 1 1 1 1 0 0 0 0 1 0 0 1 0 0 0 0
  158 1 0 1 0 0 0 1 1 0 1 1 0 1 1 1 1 0 1 0 0 0 1 0 0 1 1 0 1 0 0 1 1 0 0 1 0 1 1 0 1 0 1 0 1 1 0 0 0 0 1 1 1 0 0 0 1 0 1 0 0 0 1 1 1
  159 1 0 1 0 0 0 1 1 0 1 1 0 1 1 1 1 0 1 0 0 0 1 0 0 1 1 0 1 0 0 1 1 0 0 1 0 1 1 0 1 0 1 0 1 1 0 0 0 0 1 0 1 1 1 0 0 1 1 1 1 1 0 0 1
  160 0 0 0 1 1 1 0 0 0 0 1 0 1 1 1 0 1 0 1 0 1 1 1 0 0 1 0 1 0 0 0 0 0 1 1 0 1 1 0 1 0 1 0 1 1 0 0 0 0 1 0 1 1 1 0 0 1 1 1 1 1 0 0 1
  161 1 0 1 0 0 0 1 1 0 1 1 0 1 1 1 1 0 1 0 0 0 1 0 0 1 1 0 1 0 0 1 1 0 0 0 1 1 0 0 1 1 0 1 0 1 1 1 1 0 0 0 1 0 0 1 1 1 0 1 1 0 0 1 1
  162 0 0 0 0 0 0 1 1 1 0 0 1 0 1 1 1 0 0 0 1 1 1 1 1 1 0 0 1 1 1 0 1 0 1 0 1 0 1 0 0 1 0 0 1 0 0 0 0 1 1 1 0 0 0 0 0 1 0 0 0 1 0 1 1
  163 0 0 0 0 0 0 1 1 1 0 0 1 0 1 1 1 0 0 0 1 1 1 1 1 1 0 0 1 1 1 0 1 0 1 0 1 0 1 0 0 1 0 0 1 0 0 0 0 1 1 1 0 0 0 0 0 1 0 0 0 1 0 1 1
  164 1 0 0 1 1 1 0 0 0 0 0 1 0 1 0 1 1 0 0 0 1 0 1 0 1 0 1 1 0 0 0 1 0 1 0 0 0 0 0 0 0 1 1 0 0 0 0 1 1 1 0 0 1 1 1 0 0 1 0 0 0 0 1 0
  165 0 1 1 0 0 1 0 0 0 0 1 0 0 1 0 0 1 1 0 1 0 1 1 0 1 0 0 1 1 0 1 1 0 0 1 1 0 0 1 0 0 1 0 0 0 0 1 0 0 0 1 1 1 1 0 1 0 1 0 0 1 0 0 0
  166 0 1 1 0 0 1 0 0 0 0 1 0 0 1 0 0 1 1 0 1 0 1 1 0 1 0 0 1 1 0 1 1 0 0 1 1 0 0 1 0 0 1 0 0 0 0 1 0 0 0 1 1 1 1 0 1 0 1 0 0 1 0 0 0
  167 0 0 0 0 0 0 1 1 1 0 0 1 0 1 1 1 0 0 0 1 1 1 1 1 1 0 0 1 1 1 0 1 0 1 0 1 0 1 0 0 1 0 0 1 0 0 0 0 1 1 0 0 0 0 0 0 1 0 0 0 1 0 1 1
  168 0 0 0 0 0 0 1 1 1 0 0 1 0 1 1 1 0 0 0 1 1 1 1 1 1 0 0 1 1 1 0 1 0 1 0 1 0 1 0 0 1 0 0 1 0 0 0 0 1 1 0 0 0 0 0 0 1 0 0 0 1 0 1 1
  169 0 0 0 0 0 0 1 1 1 0 0 1 0 1 1 1 0 0 0 1 1 1 1 1 1 0 0 1 1 1 0 1 0 1 0 1 0 1 0 0 1 0 0 1 0 0 0 0 1 1 0 0 0 0 0 0 1 0 0 0 1 0 1 1
  170 1 0 1 1 0 0 0 1 0 1 0 0 1 1 0 1 0 1 0 1 0 1 0 0 0 0 0 1 1 0 0 1 1 1 0 1 1 1 1 1 1 0 1 0 1 0 0 0 1 0 1 0 1 1 1 1 1 0 1 0 0 0 1 0
  171 0 0 1 1 0 0 0 0 0 0 0 0 0 1 1 0 0 1 0 1 0 0 0 1 0 0 0 0 0 0 1 1 0 1 0 1 0 0 1 0 0 1 0 0 0 1 0 0 0 1 0 1 1 0 1 1 0 1 1 0 1 0 0 1
  172 1 0 1 0 0 1 0 1 1 1 1 1 0 1 1 1 0 1 1 1 0 0 0 1 0 1 1 1 1 1 1 0 1 1 1 1 0 0 0 1 1 1 1 0 1 0 0 0 0 1 1 1 0 0 0 1 0 1 0 0 0 1 1 1
  173 1 0 1 0 0 1 0 1 1 1 1 1 0 1 1 1 0 1 1 1 0 0 0 1 0 1 1 1 1 1 1 0 1 1 1 1 0 0 0 1 1 1 1 0 1 0 0 0 0 1 1 0 0 0 0 1 0 1 0 1 0 1 1 1
  174 0 1 1 0 0 1 0 0 0 0 1 0 0 1 0 0 1 1 0 1 0 1 1 0 1 0 0 1 1 0 1 1 0 0 1 1 0 0 1 0 0 1 0 0 0 0 1 0 0 0 1 1 1 1 0 1 0 1 0 0 1 0 0 0
  175 0 1 1 0 0 1 0 0 0 0 1 0 0 1 0 0 1 1 0 1 0 1 1 0 1 0 0 1 1 0 1 1 0 0 1 1 0 0 1 0 0 1 0 0 0 0 1 0 0 0 1 1 1 1 0 1 0 1 0 0 1 0 0 0
  176 0 1 1 0 0 1 0 0 0 0 1 0 0 1 0 0 1 1 0 1 0 1 1 0 1 0 0 1 1 0 1 1 0 0 1 1 0 0 1 0 0 1 0 0 0 0 1 0 0 0 1 1 1 1 0 0 0 1 0 1 0 1 0 1
  177 0 1 1 0 0 1 0 0 0 0 1 0 0 1 0 0 1 1 0 1 0 1 1 0 1 0 0 1 1 0 1 1 0 0 1 1 0 0 1 0 0 1 0 0 0 0 1 0 0 0 1 1 1 1 0 0 0 1 0 1 0 1 0 1
  178 0 1 1 0 0 1 0 0 0 0 1 0 0 1 0 0 1 1 0 1 0 1 1 0 1 0 0 1 1 0 1 1 0 0 1 1 0 0 1 0 0 1 0 0 0 0 1 0 0 0 1 1 1 1 0 0 0 1 0 1 0 1 0 1
  179 0 1 1 0 0 1 0 0 0 0 1 0 0 1 0 0 1 1 0 1 0 1 0 0 1 1 0 0 0 1 0 1 0 1 0 1 1 0 0 0 0 1 0 0 0 0 1 1 0 0 1 0 0 0 0 1 0 0 1 1 1 1 0 0
  180 1 0 1 0 1 0 0 0 0 0 1 0 1 0 0 0 0 0 1 1 0 1 0 0 0 1 1 0 0 0 0 1 1 1 0 1 0 0 1 0 0 1 0 1 0 0 0 1 0 1 0 0 1 1 0 1 1 1 1 0 0 0 0 1
  181 1 1 0 1 1 0 1 0 0 1 0 0 0 0 1 0 1 1 1 1 1 0 0 1 1 1 1 1 1 0 1 0 0 0 1 0 0 0 1 0 0 0 1 0 0 1 1 1 1 0 1 1 0 0 0 1 0 1 0 0 0 1 1 1
  182 0 1 1 0 0 1 1 0 0 0 0 1 1 1 0 1 0 1 1 0 1 1 1 0 0 0 0 1 1 1 0 1 1 1 1 0 0 0 0 0 0 1 1 1 1 1 1 0 0 0 1 1 1 0 0 1 0 1 0 0 1 0 0 0
  183 0 0 0 0 1 1 0 1 1 1 0 1 0 0 0 1 0 0 1 0 0 0 0 1 0 0 1 1 0 0 1 0 0 1 1 0 0 0 0 0 0 1 1 1 1 1 1 0 0 0 1 1 1 0 0 1 0 1 0 0 1 0 0 0
  184 0 0 0 0 1 1 0 1 1 1 0 1 0 0 0 1 0 0 1 0 0 0 1 0 0 1 1 0 1 1 0 0 1 1 1 1 1 0 0 0 0 0 1 1 1 0 0 0 1 0 1 0 1 1 1 1 1 0 0 0 0 0 1 0
  185 0 0 0 0 1 1 0 1 1 1 0 1 0 0 0 1 0 0 1 0 0 0 1 0 0 1 1 0 1 1 0 0 1 1 1 1 1 0 0 0 0 0 1 1 1 0 0 0 1 0 1 0 1 1 1 1 1 0 0 0 0 0 1 0
  186 1 0 1 1 1 1 0 0 1 1 1 0 0 0 1 1 1 0 0 0 0 0 0 0 0 0 0 0 0 1 0 1 0 1 1 0 0 0 1 1 1 1 1 1 1 0 1 1 1 0 0 1 0 1 0 1 1 0 0 1 1 0 1 1
  187 0 0 1 0 0 1 1 0 0 0 0 1 1 1 0 1 0 1 0 0 1 1 1 0 0 0 0 1 1 1 0 1 1 0 1 0 1 0 0 1 1 1 1 1 0 1 1 0 1 1 1 1 0 0 1 0 1 1 0 1 1 1 0 1
  188 0 0 1 0 0 1 1 1 0 0 1 1 1 0 0 1 0 1 1 1 1 0 0 0 0 0 0 1 1 1 0 0 1 1 0 0 0 1 0 1 1 0 1 1 0 0 0 0 0 0 1 0 1 0 0 1 0 1 1 0 0 0 0 1
  189 0 0 0 0 1 1 1 0 0 1 0 1 1 1 0 0 0 1 1 0 1 1 0 1 1 0 1 0 1 0 1 0 1 0 1 1 0 0 1 1 0 0 0 1 1 0 1 0 0 1 1 0 0 0 0 1 0 1 0 0 1 1 0 1
  190 0 1 1 1 1 1 1 0 0 0 1 1 1 0 0 0 0 1 1 1 1 1 0 0 0 1 0 1 0 0 0 1 0 1 0 0 0 0 1 0 1 0 0 1 1 1 0 1 1 1 1 1 1 0 1 1 1 0 1 1 1 0 0 0
  191 0 1 1 1 1 1 1 0 0 0 1 1 1 0 0 0 0 1 1 1 1 1 0 0 0 1 0 1 0 0 0 1 0 1 0 0 0 0 1 0 1 0 0 1 1 1 0 0 1 1 1 1 1 0 1 1 1 0 1 1 1 0 0 0
  192 0 1 1 1 1 1 1 0 0 0 1 1 1 0 0 0 0 1 1 1 1 1 0 0 0 1 0 1 0 0 0 1 0 1 0 0 0 0 1 0 1 0 0 1 1 1 0 0 1 1 1 1 1 0 1 1 1 0 1 1 1 0 0 0
  193 0 0 0 0 1 1 1 0 0 0 0 1 1 1 0 0 0 1 1 0 1 1 0 1 1 0 1 0 1 0 1 0 1 0 1 1 0 0 1 1 0 0 0 1 1 0 1 0 0 1 1 0 0 0 0 1 0 1 0 0 1 1 0 1
  194 0 0 0 0 1 1 1 0 0 0 0 1 1 1 0 0 0 1 1 0 1 1 0 1 1 0 1 0 1 0 1 0 1 0 1 1 0 0 1 1 0 0 0 1 1 0 1 0 0 1 1 0 0 0 0 1 0 1 0 0 1 1 0 1
  195 0 0 1 1 0 0 1 0 0 1 1 1 0 1 0 1 1 1 1 0 0 0 0 0 0 1 0 1 0 0 0 1 0 1 0 0 1 1 0 0 0 1 1 0 1 1 0 1 0 1 0 0 0 0 0 0 1 0 0 0 1 1 0 0
  196 0 0 0 0 1 1 1 0 0 0 0 1 1 1 0 0 0 1 1 0 1 1 0 1 1 0 1 0 0 0 1 1 0 1 0 1 1 0 0 0 0 0 0 1 1 0 0 0 1 0 0 1 1 1 1 0 0 1 1 1 0 0 1 0
  197 0 1 1 1 1 1 1 0 1 0 0 0 0 1 1 1 0 0 0 0 0 0 0 1 0 0 1 0 1 0 1 0 1 0 1 1 0 0 1 1 0 0 0 1 1 0 1 0 1 1 1 0 0 0 0 1 0 1 0 0 1 1 0 1
  198 0 0 1 1 0 0 1 0 0 1 1 1 0 1 0 1 1 1 1 0 0 0 0 0 0 1 0 1 0 0 0 1 1 1 0 1 0 0 0 1 0 1 0 0 1 1 1 0 1 0 1 1 0 0 1 0 1 1 1 0 0 0 1 0
  199 0 0 1 1 0 0 1 0 0 1 1 1 0 1 0 1 1 1 1 0 0 0 0 0 0 1 0 1 0 0 0 1 1 1 0 1 0 0 0 1 0 1 0 0 1 1 1 0 1 0 1 1 0 0 1 0 1 1 1 0 0 0 1 0
  200 0 0 0 0 1 1 1 0 0 0 0 1 1 1 0 0 0 1 1 0 1 1 0 1 1 0 1 0 0 0 1 1 0 1 0 1 1 0 0 0 0 0 0 1 1 0 0 0 1 0 0 1 1 1 1 0 0 1 1 1 0 0 1 0
