# 2pPD
# C C 30 30
# C D 0 50
# D C 50 0
# D D 10 10
# prob_of_init_C = 0.500000
# num_of_tournaments = 151
# num_of_opponents = 10
# prehistory l = 3
# pop_size = 100
# num_of_generations = 10
# tournament_size = 3
# crossover_prob = 0.900000
# mutation_prob = 0.003000
# elitist_strategy = False
# num_of_runs = 3
# seed = 205233087048575
# freq_gen_start = 1
# delta_freq = 1
  0 0.0 0.0 0.0 0.0 0.0 0.0 0.0 0.0 0.0 0.0 0.0 0.0 0.0 0.0 0.0 0.0 0.0 0.0 0.0 0.0 0.0 0.0 0.1 0.0 0.0 0.0 0.1 0.1 0.0 0.1 0.0 0.0 0.0 0.0 0.0 0.0 0.0 0.1 0.0 0.1 0.0 0.1 0.0 0.0 0.0 0.0 0.1 0.0 0.0 0.0 0.0 0.0 0.0 0.0 0.1 0.0 0.0 0.1 0.0 0.0 0.0 0.0 0.0 0.0
  1 0.0 0.03 0.03 0.0 0.0 0.03 0.03 0.0 0.0 0.03 0.03 0.0 0.0 0.03 0.03 0.0 0.03 0.03 0.0 0.03 0.03 0.0 0.07 0.0 0.03 0.04 0.07 0.0 0.0 0.0 0.0 0.0 0.03 0.0 0.03 0.03 0.03 0.07 0.04 0.0 0.03 0.07 0.0 0.0 0.0 0.0 0.0 0.0 0.0 0.0 0.0 0.0 0.03 0.0 0.0 0.0 0.03 0.0 0.0 0.0 0.0 0.0 0.0 0.0
  2 0.0 0.0 0.0 0.0 0.09 0.0 0.0 0.0 0.09 0.0 0.0 0.0 0.09 0.05 0.05 0.0 0.0 0.0 0.05 0.1 0.0 0.0 0.0 0.0 0.05 0.0 0.0 0.0 0.0 0.0 0.0 0.0 0.0 0.05 0.0 0.1 0.05 0.0 0.0 0.0 0.0 0.0 0.0 0.0 0.0 0.0 0.0 0.0 0.0 0.05 0.05 0.0 0.0 0.0 0.05 0.0 0.0 0.05 0.0 0.0 0.0 0.0 0.0 0.0
  3 0.0 0.0 0.0 0.0 0.0 0.0 0.0 0.0 0.0 0.0 0.0 0.0 0.0 0.0 0.0 0.0 0.0 0.0 0.0 0.0 0.0 0.0 0.0 0.0 0.0 0.0 0.0 0.0 0.0 0.25 0.0 0.0 0.0 0.0 0.0 0.0 0.0 0.0 0.0 0.0 0.0 0.0 0.0 0.0 0.0 0.0 0.25 0.0 0.0 0.0 0.0 0.0 0.0 0.0 0.0 0.25 0.0 0.0 0.0 0.25 0.0 0.0 0.0 0.0
  4 0.0 0.0 0.0 0.0 0.0 0.0 0.0 0.0 0.0 0.0 0.0 0.0 0.0 0.0 0.0 0.34 0.0 0.0 0.0 0.0 0.0 0.0 0.0 0.0 0.0 0.0 0.0 0.0 0.0 0.0 0.0 0.0 0.0 0.0 0.0 0.0 0.0 0.0 0.0 0.0 0.0 0.0 0.0 0.0 0.0 0.0 0.0 0.0 0.0 0.0 0.0 0.33 0.0 0.0 0.0 0.0 0.0 0.0 0.0 0.0 0.33 0.0 0.0 0.0
  5 0.0 0.0 0.0 0.0 0.08 0.04 0.0 0.0 0.08 0.0 0.04 0.0 0.0 0.04 0.04 0.0 0.0 0.0 0.08 0.04 0.04 0.0 0.0 0.0 0.0 0.04 0.0 0.04 0.04 0.0 0.0 0.0 0.0 0.08 0.0 0.04 0.0 0.0 0.04 0.04 0.04 0.0 0.0 0.0 0.04 0.0 0.0 0.0 0.0 0.04 0.04 0.0 0.0 0.0 0.04 0.0 0.0 0.04 0.0 0.0 0.0 0.0 0.0 0.0
  6 0.0 0.0 0.0 0.0 0.0 0.05 0.0 0.0 0.0 0.0 0.05 0.0 0.0 0.0 0.0 0.09 0.0 0.0 0.0 0.05 0.05 0.0 0.05 0.0 0.0 0.09 0.05 0.0 0.0 0.0 0.0 0.0 0.0 0.0 0.0 0.05 0.0 0.05 0.09 0.0 0.05 0.05 0.0 0.0 0.0 0.0 0.0 0.0 0.0 0.05 0.05 0.0 0.0 0.0 0.0 0.0 0.0 0.0 0.0 0.0 0.1 0.0 0.0 0.0
  7 0.0 0.0 0.0 0.09 0.0 0.0 0.0 0.0 0.0 0.0 0.0 0.0 0.0 0.04 0.04 0.0 0.05 0.0 0.0 0.0 0.0 0.0 0.0 0.0 0.0 0.09 0.0 0.05 0.0 0.04 0.05 0.0 0.05 0.0 0.0 0.0 0.0 0.0 0.09 0.05 0.0 0.0 0.0 0.0 0.0 0.05 0.04 0.0 0.0 0.0 0.0 0.0 0.05 0.0 0.05 0.04 0.05 0.05 0.0 0.04 0.0 0.0 0.0 0.0
  8 0.0 0.0 0.0 0.0 0.01 0.0 0.0 0.0 0.01 0.0 0.0 0.0 0.0 0.0 0.0 0.0 0.01 0.0 0.0 0.0 0.0 0.0 0.0 0.0 0.0 0.0 0.0 0.0 0.0 0.0 0.0 0.15 0.01 0.0 0.0 0.0 0.0 0.0 0.0 0.0 0.0 0.0 0.0 0.0 0.0 0.0 0.0 0.15 0.0 0.0 0.0 0.0 0.0 0.0 0.0 0.15 0.0 0.0 0.0 0.15 0.0 0.15 0.15 0.0
  9 0.13 0.12 0.12 0.01 0.06 0.06 0.0 0.0 0.06 0.0 0.06 0.0 0.01 0.0 0.0 0.0 0.12 0.0 0.0 0.0 0.06 0.0 0.0 0.0 0.0 0.0 0.0 0.0 0.0 0.0 0.0 0.0 0.12 0.0 0.0 0.0 0.0 0.0 0.0 0.0 0.06 0.0 0.0 0.0 0.0 0.0 0.0 0.0 0.0 0.0 0.0 0.0 0.0 0.0 0.0 0.0 0.0 0.0 0.0 0.0 0.0 0.0 0.0 0.0
  10 0.0 0.0 0.0 0.0 0.0 0.16 0.0 0.0 0.0 0.0 0.16 0.0 0.0 0.0 0.0 0.0 0.0 0.16 0.0 0.0 0.16 0.0 0.0 0.0 0.0 0.0 0.0 0.0 0.0 0.0 0.0 0.0 0.0 0.0 0.16 0.0 0.0 0.0 0.0 0.0 0.16 0.0 0.0 0.0 0.0 0.0 0.0 0.0 0.0 0.0 0.0 0.0 0.0 0.0 0.0 0.0 0.0 0.0 0.0 0.0 0.0 0.0 0.0 0.0
