# 4pPD
# prob_of_init_C = 0.500000
# num_of_tournaments = 151
# num_of_opponents = 10
# prehistory l = 3
# pop_size = 100
# num_of_generations = 200
# tournament_size = 3
# crossover_prob = 0.900000
# mutation_prob = 0.003000
# elitist_strategy = False
# num_of_runs = 1
# seed = 6054137747200320
# freq_gen_start = 30
# delta_freq = 10
# 10 best frequencies
# 1 2 3 4 5 6 7 8 9 10 11 12 13 14 15 16 17 18 19 20 21
# gen history_id freq history_id freq history_id freq history_id freq history_id freq history_id freq history_id freq history_id freq history_id freq history_id freq history_id freq history_id freq history_id freq history_id freq history_id freq history_id freq history_id freq history_id freq history_id freq history_id freq 
  0 85 0.01 106 0.01 141 0.01 181 0.01 337 0.02 406 0.02 430 0.01 434 0.02 437 0.01 438 0.02 
  1 150 0.02 158 0.02 366 0.02 374 0.03 402 0.02 426 0.01 429 0.02 434 0.02 437 0.02 438 0.02 
  2 9 0.01 48 0.01 77 0.01 109 0.01 374 0.01 385 0.02 393 0.01 397 0.02 418 0.01 433 0.02 
  3 16 0.05 40 0.05 50 0.03 53 0.05 80 0.05 133 0.06 322 0.06 326 0.05 330 0.05 425 0.05 
  4 81 0.02 86 0.02 138 0.01 177 0.01 369 0.02 374 0.02 392 0.02 397 0.02 405 0.02 430 0.02 
  5 73 0.48 150 0.01 176 0.01 178 0.01 292 0.16 370 0.01 406 0.01 447 0.00 466 0.01 493 0.01 
  6 41 0.08 114 0.04 117 0.08 214 0.04 282 0.04 334 0.08 368 0.07 389 0.07 403 0.04 430 0.08 
  7 86 0.01 110 0.01 176 0.01 177 0.01 246 0.01 386 0.01 394 0.02 397 0.02 433 0.02 438 0.03 
  8 74 0.03 77 0.03 101 0.03 113 0.12 169 0.03 266 0.03 334 0.06 337 0.03 393 0.06 398 0.06 
  9 80 0.02 105 0.02 141 0.02 165 0.02 330 0.03 441 0.02 463 0.02 465 0.02 468 0.02 489 0.03 
  10 92 0.00 113 0.38 227 0.12 230 0.00 284 0.12 305 0.00 395 0.00 398 0.37 
  11 17 0.00 66 0.00 86 0.00 138 0.00 177 0.00 243 0.23 333 0.00 392 0.00 414 0.23 438 0.46 
  12 74 0.02 86 0.02 105 0.02 110 0.01 113 0.01 137 0.01 177 0.02 205 0.01 372 0.01 394 0.02 
  13 78 0.01 137 0.01 149 0.01 170 0.01 246 0.08 337 0.01 365 0.01 414 0.09 435 0.08 438 0.09 
  14 49 0.02 65 0.02 113 0.02 392 0.03 398 0.02 432 0.03 439 0.02 447 0.02 454 0.02 504 0.03 
  15 62 0.05 66 0.03 184 0.03 376 0.03 394 0.03 447 0.05 455 0.07 456 0.05 503 0.05 505 0.05 
  16 105 0.03 126 0.03 170 0.02 181 0.03 335 0.03 341 0.02 342 0.03 397 0.03 433 0.05 502 0.05 
  17 14 0.10 18 0.07 45 0.07 112 0.10 151 0.07 184 0.07 367 0.07 376 0.07 386 0.07 449 0.10 
  18 81 0.01 142 0.01 146 0.27 149 0.06 170 0.06 173 0.06 338 0.06 341 0.06 362 0.06 365 0.27 
  19 46 0.01 49 0.01 77 0.01 86 0.01 110 0.01 113 0.01 141 0.01 329 0.01 370 0.01 511 0.36 
  20 10 0.03 62 0.04 86 0.03 176 0.03 385 0.04 391 0.04 447 0.04 458 0.03 503 0.04 505 0.04 
  21 73 0.35 110 0.01 141 0.01 292 0.12 330 0.01 341 0.01 362 0.01 401 0.01 440 0.01 449 0.01 
  22 0 0.01 14 0.00 82 0.00 117 0.00 369 0.00 393 0.01 396 0.00 425 0.00 504 0.01 511 0.73 
  23 64 0.00 73 0.01 74 0.01 77 0.01 81 0.01 105 0.01 137 0.00 138 0.01 504 0.01 511 0.72 
  24 49 0.00 74 0.01 81 0.01 105 0.01 137 0.01 300 0.00 392 0.00 454 0.00 504 0.01 511 0.81 
  25 9 0.00 49 0.00 65 0.00 77 0.00 113 0.00 392 0.00 398 0.00 454 0.00 504 0.01 511 0.94 
  26 74 0.17 77 0.08 81 0.17 105 0.08 137 0.17 293 0.08 300 0.08 329 0.08 356 0.08 
  27 62 0.11 223 0.04 251 0.04 391 0.11 439 0.11 446 0.11 472 0.04 475 0.04 496 0.11 502 0.11 
  28 133 0.06 144 0.07 149 0.07 170 0.10 173 0.07 322 0.06 338 0.10 341 0.07 360 0.07 365 0.07 
  29 146 0.26 149 0.05 170 0.05 173 0.05 338 0.05 341 0.05 362 0.05 365 0.26 391 0.01 439 0.01 
  30 73 0.01 113 0.01 120 0.00 146 0.00 441 0.00 456 0.00 462 0.00 463 0.00 505 0.00 511 0.81 
  31 49 0.00 127 0.00 399 0.00 446 0.00 454 0.00 496 0.00 503 0.00 504 0.01 510 0.00 511 0.92 
  32 10 0.01 56 0.01 78 0.01 80 0.01 105 0.01 113 0.01 393 0.01 448 0.01 455 0.01 511 0.62 
  33 17 0.00 66 0.00 137 0.00 246 0.24 414 0.24 435 0.24 438 0.24 439 0.00 441 0.00 456 0.00 
  34 59 0.04 62 0.12 199 0.04 251 0.04 391 0.12 439 0.12 446 0.12 472 0.04 496 0.12 502 0.12 
  35 2 0.07 5 0.07 16 0.07 40 0.07 128 0.07 144 0.07 320 0.07 360 0.07 466 0.07 493 0.07 
  36 9 0.01 65 0.01 74 0.01 105 0.01 126 0.01 135 0.01 143 0.01 327 0.01 497 0.01 511 0.71 
  37 74 0.00 77 0.00 86 0.00 137 0.00 138 0.00 177 0.00 393 0.00 456 0.00 505 0.00 511 0.91 
  38 49 0.01 86 0.01 110 0.01 113 0.01 137 0.01 369 0.01 392 0.01 394 0.01 465 0.01 511 0.54 
  39 10 0.16 13 0.08 37 0.08 80 0.16 104 0.08 110 0.00 129 0.17 296 0.08 321 0.08 324 0.08 
  40 49 0.01 65 0.00 113 0.01 284 0.00 334 0.00 392 0.01 398 0.01 454 0.00 504 0.01 511 0.85 
  41 49 0.00 65 0.00 113 0.00 224 0.00 260 0.00 392 0.00 398 0.00 454 0.00 504 0.01 511 0.95 
  42 17 0.00 66 0.00 77 0.00 78 0.00 105 0.00 137 0.00 329 0.00 456 0.00 505 0.00 511 0.94 
  43 65 0.00 81 0.00 113 0.01 138 0.00 145 0.00 173 0.00 338 0.00 392 0.00 504 0.01 511 0.77 
  44 62 0.00 246 0.00 411 0.00 438 0.00 455 0.01 478 0.00 499 0.00 502 0.00 504 0.01 511 0.97 
  45 21 0.00 42 0.00 69 0.00 79 0.00 122 0.00 169 0.00 329 0.00 456 0.00 505 0.00 511 0.95 
  46 17 0.00 66 0.00 74 0.00 86 0.00 137 0.00 177 0.00 393 0.00 456 0.00 505 0.00 511 0.94 
  47 17 0.00 66 0.00 73 0.01 77 0.00 98 0.00 137 0.00 269 0.00 456 0.00 505 0.00 511 0.95 
  48 1 0.00 13 0.00 56 0.01 82 0.00 105 0.00 109 0.00 448 0.01 455 0.01 504 0.01 511 0.93 
  49 14 0.00 119 0.00 144 0.00 321 0.00 360 0.00 441 0.00 456 0.00 462 0.00 505 0.00 511 0.92 
  50 62 0.01 391 0.00 437 0.00 439 0.00 446 0.00 455 0.01 496 0.00 502 0.01 504 0.01 511 0.93 
  51 0 0.01 73 0.01 85 0.01 113 0.02 170 0.01 341 0.01 392 0.01 398 0.01 504 0.01 511 0.72 
  52 1 0.00 9 0.00 56 0.01 391 0.00 446 0.00 448 0.01 455 0.01 496 0.00 504 0.01 511 0.87 
  53 48 0.00 55 0.00 70 0.00 390 0.00 438 0.01 441 0.01 455 0.01 456 0.00 504 0.01 511 0.81 
  54 62 0.00 245 0.00 410 0.00 434 0.00 437 0.00 438 0.00 455 0.01 502 0.00 504 0.01 511 0.96 
  55 2 0.17 5 0.17 16 0.16 40 0.16 46 0.00 128 0.17 156 0.00 177 0.00 320 0.17 369 0.00 
  56 59 0.05 62 0.15 199 0.05 240 0.05 243 0.05 391 0.15 408 0.05 432 0.10 438 0.10 502 0.10 
  57 17 0.00 66 0.00 81 0.00 108 0.00 138 0.00 297 0.00 357 0.00 456 0.00 505 0.00 511 0.96 
  58 8 0.00 9 0.00 56 0.01 57 0.00 65 0.00 71 0.00 448 0.01 455 0.01 504 0.01 511 0.89 
  59 49 0.00 65 0.00 73 0.01 113 0.00 392 0.00 398 0.00 454 0.00 489 0.00 504 0.01 511 0.87 
  60 17 0.00 66 0.00 74 0.00 81 0.00 137 0.00 138 0.00 333 0.00 456 0.00 505 0.00 511 0.95 
  61 1 0.00 56 0.01 79 0.00 113 0.00 122 0.00 393 0.00 448 0.01 455 0.01 504 0.01 511 0.90 
  62 1 0.00 9 0.00 56 0.01 110 0.00 182 0.00 374 0.00 448 0.01 455 0.01 504 0.01 511 0.92 
  63 17 0.00 66 0.00 73 0.01 77 0.00 83 0.00 110 0.00 137 0.00 456 0.00 505 0.00 511 0.94 
  64 17 0.00 66 0.01 73 0.00 74 0.00 81 0.00 137 0.00 261 0.00 456 0.00 505 0.00 511 0.90 
  65 0 0.01 2 0.00 5 0.00 46 0.00 56 0.01 373 0.00 448 0.01 455 0.01 504 0.01 511 0.94 
  66 13 0.00 65 0.00 113 0.00 130 0.00 325 0.00 334 0.00 392 0.00 456 0.00 505 0.00 511 0.89 
  67 13 0.00 49 0.00 65 0.00 105 0.00 113 0.00 392 0.00 398 0.00 454 0.00 504 0.01 511 0.93 
  68 1 0.00 9 0.00 62 0.00 77 0.00 384 0.00 432 0.00 455 0.01 502 0.00 504 0.01 511 0.93 
  69 89 0.12 113 0.24 144 0.00 178 0.00 203 0.12 308 0.12 360 0.00 398 0.24 402 0.00 422 0.12 
  70 0 0.01 16 0.00 40 0.00 49 0.00 56 0.01 326 0.00 448 0.01 455 0.01 504 0.01 511 0.94 
  71 73 0.01 74 0.01 77 0.01 81 0.01 85 0.00 105 0.01 137 0.01 456 0.00 505 0.00 511 0.87 
  72 1 0.00 9 0.00 64 0.00 77 0.00 106 0.00 113 0.36 227 0.12 284 0.12 392 0.00 398 0.36 
  73 49 0.01 64 0.00 113 0.00 326 0.00 392 0.00 394 0.00 398 0.00 454 0.00 504 0.01 511 0.89 
  74 49 0.00 50 0.00 70 0.00 113 0.00 392 0.00 398 0.00 404 0.00 454 0.00 504 0.01 511 0.94 
  75 0 0.13 2 0.06 5 0.06 46 0.06 56 0.12 199 0.03 374 0.06 391 0.09 432 0.06 448 0.12 
  76 0 0.01 2 0.00 5 0.00 56 0.01 149 0.00 341 0.00 448 0.01 455 0.01 504 0.01 511 0.95 
  77 74 0.01 81 0.01 101 0.00 177 0.01 269 0.00 369 0.01 393 0.01 456 0.00 505 0.00 511 0.85 
  78 1 0.00 62 0.00 177 0.00 384 0.00 398 0.00 432 0.00 455 0.01 502 0.00 504 0.01 511 0.92 
  79 41 0.00 74 0.00 82 0.00 150 0.00 181 0.00 329 0.00 431 0.00 456 0.00 505 0.00 511 0.93 
  80 0 0.01 46 0.00 62 0.00 375 0.00 384 0.00 432 0.00 455 0.01 502 0.00 504 0.01 511 0.93 
  81 0 0.11 2 0.06 5 0.06 46 0.06 56 0.11 179 0.03 374 0.06 391 0.08 432 0.06 448 0.11 
  82 0 0.01 1 0.00 9 0.00 56 0.01 77 0.00 320 0.00 448 0.01 455 0.01 504 0.01 511 0.91 
  83 74 0.01 77 0.01 81 0.01 105 0.00 137 0.01 297 0.00 329 0.00 456 0.00 505 0.00 511 0.90 
  84 74 0.00 81 0.00 105 0.00 137 0.00 141 0.01 329 0.01 354 0.00 456 0.00 505 0.00 511 0.83 
  85 50 0.00 170 0.00 175 0.00 343 0.00 382 0.00 390 0.00 456 0.00 496 0.00 505 0.00 511 0.90 
  86 17 0.00 41 0.00 44 0.00 66 0.00 69 0.00 261 0.00 456 0.00 480 0.00 505 0.00 511 0.97 
  87 55 0.00 70 0.00 90 0.00 113 0.00 117 0.00 441 0.00 456 0.00 462 0.00 505 0.00 511 0.94 
  88 49 0.00 86 0.00 110 0.00 113 0.00 302 0.00 392 0.00 398 0.00 454 0.00 504 0.01 511 0.87 
  89 0 0.13 2 0.06 5 0.06 46 0.06 56 0.13 199 0.03 374 0.06 391 0.09 432 0.06 448 0.13 
  90 0 0.01 56 0.01 105 0.00 177 0.00 328 0.00 398 0.00 448 0.01 455 0.01 504 0.01 511 0.91 
  91 1 0.00 49 0.00 64 0.00 113 0.00 392 0.00 398 0.00 400 0.00 454 0.00 504 0.01 511 0.91 
  92 18 0.00 21 0.00 42 0.00 45 0.00 49 0.00 69 0.00 392 0.00 454 0.00 504 0.01 511 0.96 
  93 49 0.00 65 0.00 113 0.00 146 0.00 173 0.00 392 0.00 398 0.00 454 0.00 504 0.01 511 0.92 
  94 41 0.00 49 0.00 69 0.00 85 0.00 113 0.00 392 0.00 398 0.00 454 0.00 504 0.01 511 0.93 
  95 0 0.01 1 0.00 56 0.01 77 0.00 170 0.00 365 0.00 448 0.01 455 0.01 504 0.01 511 0.89 
  96 79 0.23 121 0.23 126 0.00 295 0.08 316 0.08 441 0.00 456 0.00 457 0.23 484 0.08 497 0.00 
  97 81 0.24 105 0.12 117 0.00 138 0.24 300 0.12 333 0.12 334 0.00 335 0.00 357 0.12 425 0.00 
  98 49 0.00 113 0.00 374 0.00 390 0.00 392 0.00 398 0.00 432 0.00 454 0.00 504 0.01 511 0.93 
  99 49 0.00 69 0.00 113 0.00 181 0.00 370 0.00 392 0.00 398 0.00 454 0.00 504 0.01 511 0.93 
  100 41 0.00 74 0.00 81 0.00 105 0.00 138 0.00 329 0.00 330 0.00 455 0.01 504 0.01 511 0.91 
  101 458 0.00 461 0.00 485 0.00 505 0.00 508 0.00 511 0.99 
  102 0 0.01 56 0.01 81 0.00 105 0.00 137 0.00 329 0.00 448 0.01 455 0.01 504 0.01 511 0.91 
  103 49 0.00 81 0.00 105 0.01 113 0.00 141 0.01 330 0.01 392 0.00 398 0.00 504 0.01 511 0.83 
  104 0 0.01 56 0.01 150 0.00 181 0.00 366 0.00 370 0.00 448 0.01 455 0.01 504 0.01 511 0.79 
  105 17 0.00 63 0.01 73 0.00 74 0.00 81 0.00 137 0.00 177 0.01 393 0.01 504 0.01 511 0.73 
  106 0 0.01 41 0.01 56 0.01 74 0.01 329 0.01 438 0.01 448 0.01 455 0.01 504 0.01 511 0.84 
  107 1 0.00 106 0.00 334 0.00 382 0.01 384 0.00 390 0.00 432 0.00 496 0.01 504 0.01 511 0.79 
  108 81 0.25 83 0.00 86 0.00 105 0.12 110 0.00 138 0.25 300 0.12 302 0.00 333 0.12 357 0.12 
  109 15 0.03 58 0.02 61 0.02 71 0.03 72 0.02 126 0.03 447 0.03 449 0.03 454 0.03 504 0.04 
  110 73 0.01 77 0.01 106 0.01 113 0.00 169 0.00 277 0.00 337 0.00 456 0.00 505 0.00 511 0.88 
  111 79 0.25 121 0.25 126 0.00 295 0.08 315 0.00 316 0.08 457 0.25 484 0.08 
  112 0 0.01 56 0.01 74 0.00 81 0.00 141 0.00 182 0.00 448 0.01 455 0.01 504 0.01 511 0.91 
  113 62 0.00 242 0.00 413 0.00 434 0.00 437 0.00 438 0.01 455 0.01 502 0.00 504 0.01 511 0.95 
  114 0 0.01 2 0.00 5 0.00 46 0.00 56 0.01 157 0.00 448 0.01 455 0.01 504 0.01 511 0.95 
  115 55 0.00 70 0.00 105 0.00 329 0.00 366 0.00 392 0.01 438 0.01 441 0.00 504 0.01 511 0.73 
  116 17 0.00 41 0.00 66 0.00 137 0.00 161 0.00 329 0.00 332 0.00 456 0.00 505 0.00 511 0.97 
  117 0 0.01 17 0.00 41 0.00 56 0.01 73 0.00 137 0.00 448 0.01 455 0.01 504 0.01 511 0.86 
  118 13 0.00 73 0.01 77 0.00 80 0.00 129 0.00 177 0.00 266 0.00 456 0.00 505 0.00 511 0.89 
  119 41 0.00 69 0.00 80 0.00 105 0.00 130 0.00 330 0.00 333 0.00 456 0.00 505 0.00 511 0.94 
  120 456 0.00 480 0.00 505 0.00 508 0.00 511 0.99 
  121 0 0.01 5 0.00 21 0.00 42 0.00 174 0.00 384 0.00 432 0.00 454 0.00 504 0.01 511 0.93 
  122 0 0.01 56 0.01 81 0.00 105 0.00 141 0.00 330 0.00 448 0.01 455 0.01 504 0.01 511 0.87 
  123 9 0.00 54 0.00 65 0.00 77 0.00 113 0.00 392 0.00 433 0.00 454 0.00 504 0.01 511 0.91 
  124 62 0.00 146 0.00 151 0.00 365 0.00 367 0.00 402 0.00 455 0.01 498 0.00 504 0.01 511 0.95 
  125 2 0.07 5 0.07 22 0.07 64 0.10 113 0.10 177 0.07 224 0.03 256 0.03 392 0.10 398 0.07 
  126 41 0.00 66 0.00 137 0.00 140 0.00 329 0.00 333 0.00 353 0.00 456 0.00 505 0.00 511 0.95 
  127 0 0.01 56 0.01 174 0.00 374 0.00 433 0.01 438 0.01 448 0.01 455 0.01 504 0.01 511 0.85 
  128 16 0.04 17 0.04 40 0.04 66 0.05 81 0.04 138 0.04 141 0.04 375 0.04 441 0.06 456 0.06 
  129 53 0.00 179 0.00 182 0.00 350 0.00 374 0.00 406 0.00 430 0.00 454 0.00 504 0.01 511 0.97 
  130 0 0.01 23 0.00 47 0.00 56 0.01 130 0.00 325 0.00 448 0.01 455 0.01 504 0.01 511 0.94 
  131 66 0.00 69 0.00 261 0.00 456 0.00 480 0.00 505 0.00 508 0.00 511 0.98 
  132 62 0.00 246 0.00 414 0.00 435 0.00 438 0.00 455 0.01 499 0.00 502 0.00 504 0.01 511 0.96 
  133 20 0.00 41 0.00 49 0.00 66 0.00 113 0.00 392 0.00 398 0.00 454 0.00 504 0.01 511 0.95 
  134 0 0.01 56 0.01 150 0.01 366 0.01 369 0.01 394 0.00 448 0.01 455 0.01 504 0.01 511 0.83 
  135 0 0.01 2 0.00 41 0.00 56 0.01 137 0.00 333 0.00 448 0.01 455 0.01 504 0.01 511 0.93 
  136 50 0.00 121 0.00 124 0.00 143 0.00 313 0.00 359 0.00 406 0.00 454 0.00 504 0.01 511 0.95 
  137 0 0.01 2 0.00 5 0.00 41 0.00 56 0.01 170 0.00 448 0.01 455 0.01 504 0.01 511 0.93 
  138 0 0.01 56 0.01 114 0.00 182 0.00 398 0.00 406 0.00 448 0.01 455 0.01 504 0.01 511 0.92 
  139 7 0.01 54 0.01 79 0.20 113 0.01 121 0.20 295 0.07 316 0.07 433 0.01 457 0.20 484 0.07 
  140 0 0.01 2 0.00 5 0.00 41 0.00 56 0.01 330 0.00 448 0.01 455 0.01 504 0.01 511 0.95 
  141 17 0.00 66 0.00 77 0.00 85 0.00 109 0.00 137 0.00 274 0.00 456 0.00 505 0.00 511 0.95 
  142 0 0.01 2 0.00 5 0.00 41 0.00 56 0.01 364 0.00 448 0.01 455 0.01 504 0.01 511 0.93 
  143 0 0.08 7 0.07 56 0.07 366 0.04 369 0.04 374 0.04 391 0.05 394 0.04 432 0.04 448 0.08 
  144 0 0.01 7 0.01 56 0.01 366 0.00 369 0.00 394 0.00 448 0.01 455 0.01 504 0.01 511 0.91 
  145 0 0.01 56 0.01 119 0.00 334 0.00 433 0.00 448 0.01 455 0.01 462 0.00 504 0.01 511 0.85 
  146 48 0.00 390 0.00 432 0.00 439 0.01 440 0.01 454 0.00 455 0.01 502 0.01 504 0.01 511 0.87 
  147 0 0.01 41 0.00 56 0.01 86 0.00 183 0.00 330 0.00 448 0.01 455 0.01 504 0.01 511 0.93 
  148 86 0.00 110 0.00 153 0.00 366 0.00 369 0.00 394 0.00 429 0.00 456 0.00 505 0.00 511 0.88 
  149 13 0.07 65 0.10 106 0.07 113 0.11 142 0.07 284 0.04 334 0.04 337 0.07 355 0.04 392 0.10 
  150 0 0.01 55 0.00 56 0.01 70 0.00 328 0.00 447 0.00 448 0.01 455 0.01 504 0.01 511 0.93 
  151 17 0.00 66 0.00 77 0.00 87 0.00 111 0.00 137 0.00 279 0.00 456 0.00 505 0.00 511 0.95 
  152 0 0.01 7 0.01 56 0.01 366 0.00 448 0.01 455 0.01 466 0.00 493 0.00 504 0.01 511 0.94 
  153 0 0.01 2 0.00 5 0.00 16 0.00 40 0.00 56 0.01 448 0.01 455 0.01 504 0.01 511 0.95 
  154 0 0.01 56 0.01 113 0.00 374 0.00 392 0.00 434 0.00 448 0.01 455 0.01 504 0.01 511 0.83 
  155 0 0.01 7 0.01 56 0.01 113 0.01 142 0.01 334 0.01 448 0.01 455 0.01 504 0.01 511 0.69 
  156 87 0.00 111 0.00 186 0.00 381 0.00 458 0.00 470 0.00 491 0.00 494 0.00 505 0.00 511 0.97 
  157 0 0.01 56 0.01 175 0.00 190 0.00 341 0.00 343 0.00 448 0.01 455 0.01 504 0.01 511 0.93 
  158 0 0.01 56 0.01 153 0.00 180 0.00 369 0.01 397 0.00 448 0.01 455 0.01 504 0.01 511 0.92 
  159 50 0.00 94 0.00 118 0.00 166 0.00 307 0.00 331 0.00 334 0.00 454 0.00 504 0.01 511 0.96 
  160 7 0.01 15 0.00 64 0.00 78 0.23 113 0.24 228 0.08 284 0.08 291 0.08 393 0.23 449 0.00 
  161 53 0.00 366 0.00 368 0.00 374 0.00 390 0.00 430 0.00 432 0.00 456 0.00 505 0.00 511 0.84 
  162 0 0.01 56 0.01 73 0.01 77 0.00 334 0.00 441 0.00 448 0.01 455 0.01 504 0.01 511 0.85 
  163 17 0.00 62 0.00 81 0.00 138 0.00 394 0.01 433 0.00 455 0.01 502 0.00 504 0.01 511 0.91 
  164 16 0.01 40 0.01 73 0.02 76 0.00 130 0.00 289 0.00 325 0.00 456 0.00 505 0.00 511 0.91 
  165 146 0.00 151 0.00 184 0.00 338 0.00 365 0.00 367 0.00 376 0.00 456 0.00 505 0.00 511 0.94 
  166 128 0.00 168 0.00 320 0.00 336 0.00 469 0.00 490 0.00 506 0.00 509 0.00 511 0.97 
  167 0 0.01 2 0.00 22 0.00 56 0.01 178 0.00 401 0.00 448 0.01 455 0.01 504 0.01 511 0.94 
  168 0 0.01 2 0.00 5 0.00 22 0.00 46 0.00 56 0.01 448 0.01 455 0.01 504 0.01 511 0.95 
  169 22 0.00 69 0.00 78 0.00 114 0.00 177 0.00 393 0.00 425 0.00 456 0.00 505 0.00 511 0.94 
  170 0 0.01 55 0.00 56 0.01 70 0.00 112 0.00 441 0.00 448 0.01 455 0.01 504 0.01 511 0.86 
  171 65 0.00 113 0.00 170 0.00 173 0.00 338 0.00 341 0.00 392 0.00 456 0.00 505 0.00 511 0.90 
  172 105 0.00 117 0.00 334 0.00 369 0.00 397 0.00 425 0.00 442 0.00 456 0.00 505 0.00 511 0.88 
  173 17 0.00 66 0.00 73 0.01 77 0.00 83 0.00 110 0.00 137 0.00 456 0.00 505 0.00 511 0.94 
  174 17 0.00 66 0.00 77 0.00 82 0.00 109 0.00 137 0.00 274 0.00 456 0.00 505 0.00 511 0.95 
  175 79 0.23 121 0.23 126 0.00 295 0.08 316 0.08 433 0.00 438 0.00 457 0.23 484 0.08 502 0.00 
  176 59 0.00 62 0.00 219 0.00 438 0.00 455 0.01 475 0.00 502 0.00 504 0.01 511 0.97 
  177 0 0.01 46 0.00 56 0.01 86 0.00 369 0.00 394 0.00 448 0.01 455 0.01 504 0.01 511 0.93 
  178 0 0.01 14 0.00 56 0.01 113 0.00 368 0.00 385 0.00 448 0.01 455 0.01 504 0.01 511 0.88 
  179 78 0.24 81 0.00 113 0.24 141 0.00 178 0.00 228 0.08 284 0.08 291 0.08 392 0.00 393 0.23 
  180 41 0.00 69 0.00 80 0.00 104 0.00 205 0.00 296 0.00 394 0.00 456 0.00 505 0.00 511 0.94 
  181 0 0.01 56 0.01 78 0.01 81 0.00 105 0.00 113 0.01 448 0.01 455 0.01 504 0.01 511 0.85 
  182 17 0.03 50 0.03 66 0.03 190 0.03 390 0.04 407 0.03 447 0.04 456 0.04 503 0.04 505 0.04 
  183 81 0.25 105 0.12 138 0.25 141 0.00 178 0.00 300 0.12 333 0.12 349 0.00 357 0.12 373 0.00 
  184 73 0.01 77 0.00 110 0.00 375 0.00 391 0.00 446 0.00 456 0.00 496 0.00 505 0.00 511 0.91 
  185 41 0.00 69 0.00 81 0.00 105 0.00 138 0.00 297 0.00 333 0.00 456 0.00 505 0.00 511 0.95 
  186 0 0.01 41 0.00 56 0.01 87 0.00 369 0.00 394 0.01 448 0.01 455 0.01 504 0.01 511 0.89 
  187 17 0.00 66 0.00 81 0.00 138 0.00 141 0.00 333 0.00 354 0.00 456 0.00 505 0.00 511 0.95 
  188 55 0.00 70 0.00 249 0.00 441 0.00 456 0.00 459 0.00 462 0.00 486 0.00 505 0.00 511 0.96 
  189 73 0.01 106 0.00 150 0.00 173 0.00 181 0.00 338 0.00 369 0.00 456 0.00 505 0.00 511 0.89 
  190 14 0.00 66 0.01 73 0.01 119 0.00 153 0.00 369 0.01 397 0.00 456 0.01 505 0.00 511 0.84 
  191 50 0.00 55 0.00 70 0.00 118 0.00 368 0.00 390 0.00 441 0.00 456 0.00 505 0.00 511 0.91 
  192 17 0.00 66 0.00 81 0.00 106 0.00 138 0.00 141 0.00 274 0.00 456 0.00 505 0.00 511 0.95 
  193 17 0.00 66 0.00 73 0.00 76 0.00 97 0.00 137 0.00 268 0.00 456 0.00 505 0.00 511 0.95 
  194 0 0.01 56 0.01 189 0.00 378 0.00 448 0.01 455 0.01 466 0.00 493 0.00 504 0.01 511 0.91 
  195 17 0.00 66 0.00 137 0.00 146 0.00 149 0.00 362 0.00 365 0.00 456 0.00 505 0.00 511 0.91 
  196 41 0.01 69 0.01 105 0.01 333 0.01 447 0.00 455 0.01 456 0.00 504 0.01 505 0.00 511 0.86 
  197 1 0.00 13 0.00 56 0.01 82 0.00 109 0.00 277 0.00 448 0.01 455 0.01 504 0.01 511 0.95 
  198 0 0.01 59 0.04 62 0.11 255 0.04 447 0.12 455 0.16 479 0.04 503 0.12 504 0.16 511 0.16 
  199 62 0.00 243 0.00 246 0.00 414 0.00 435 0.00 438 0.01 455 0.01 502 0.00 504 0.01 511 0.95 
  200 0 0.01 2 0.00 5 0.00 46 0.00 56 0.01 373 0.00 448 0.01 455 0.01 504 0.01 511 0.94 
